-49.86262897714844 -38.07857991512451 -69.73013305664062 0 -59.52853012084961 -27.02417755126953
24.87656398549804 -38.74735261257324 -36.0 0 -57.06745147705078 20.00000381469727
24.87656017080078 -38.74735451992187 -36.0 0 -57.06745147705078 19.99999237060547
40.29762740865478 -36.4571371203247 -36.0 0 -55.79304122924805 35.02242660522461
63.60985942617187 4.46690176669922 -79.55091094970703 0 -51.73513412475586 160.2173919677734
62.77538295522461 -34.97156335170898 -114.3127899169922 0 -7.39876651763916 46.67620849609375
53.94615550771484 11.522878634375 -88.29694366455078 0 -43.12511825561523 147.8183288574219
60.69148917928467 -0.9405498629394522 -88.23431396484375 0 -84.93406677246094 47.50776672363281
33.65458484426269 -37.96451855953369 -76.33847045898438 0 -24.59029579162598 -5.000004291534424
20.30669780507812 -24.95904542263184 -61.88756561279297 0 -21.30184555053711 25.63665199279785
1.571323354394529 35.93890188876954 -57.46906280517578 0 -11.03486347198486 170.8074645996094
28.65881534353027 11.19448279086914 -65.40462493896484 0 -40.89339447021484 -115.0000076293945
32.25630946889648 -37.14844514187011 -71.23660278320312 0 -30.42108535766602 39.76921844482422
63.883705098779295 4.099817263525392 -50.01790237426758 0 0.0 90.0
63.998599965722654 4.099817263525392 -51.08361434936523 0 0.0 90.0
-2.274631540625002 -32.31838418300781 -65.70616912841797 0 -22.75048446655273 -26.88664245605469
-65.66109089121093 -19.27488137539062 -45.97677230834961 0 0.0 -34.33012771606445
61.70990749135742 15.23845099155274 -119.59131622314449 0 -42.97957992553711 73.05794525146484
47.56755419507751 -23.60158349331055 -117.99365234375 0 -90.0 0.0
11.67662807241211 -24.89526749904785 -58.92882537841797 0 -18.91824913024902 -6.824527263641357
5.571620900781248 -38.39934731777343 -49.06569290161133 0 0.0 19.24176597595215
37.68233772054443 4.68832396213379 -55.78464126586914 0 -56.30796432495117 55.17080688476562
24.47824855581054 15.46050833408203 -119.2223968505859 0 -60.0 90.0
-3.647907297460939 23.91287420932617 -119.2223968505859 0 -40.89339828491211 -115.0000076293945
-23.04365162119141 -35.15843583400878 -75.36946868896484 0 -36.14592361450195 -2.088501214981079
36.85619159475097 10.804147707861329 -90.9543228149414 0 -55.50936508178711 -167.3214263916016
32.10766025319824 3.5236549252685565 -87.7316665649414 0 -59.6870231628418 -134.8602600097656
-29.90521625742188 -2.84995843227539 -119.7302093505859 0 -59.99998092651367 -90.0
-27.40521625742188 -0.3499584322753897 -119.7302093505859 0 -59.99998092651367 180.0
12.43690868154297 9.008352267187501 -119.8275909423828 0 -54.25234603881836 167.9922637939453
55.859405477197264 -4.028268826562499 -112.5133743286133 0 -37.46373748779297 15.51053905487061
41.94506259694824 22.45887945834961 -119.0282516479492 0 -60.0000114440918 -90.0
65.40075870290528 3.060054766577149 -85.36143493652344 0 -74.99999237060547 95.60210418701172
27.99323459401855 -38.54807759578857 -64.67815399169922 0 0.0 -31.74894905090332
-28.616191904394533 -38.01066399868164 -38.35195922851562 0 0.0 46.47522354125977
-57.53986744150391 -15.661863339501952 -72.76323699951172 0 -61.51070404052734 -49.87577819824219
46.64407010808716 -25.14719237144623 -110.039306640625 0 -90.0 0.0
31.32318111196289 -38.00294305141601 -107.3598175048828 0 -40.89340209960938 -50.00000762939453
22.320426900537107 -37.38868428524169 -67.85948181152344 0 -10.57915687561035 -51.68477249145508
-9.725170175878908 -17.37206746395264 -106.49217987060551 0 -90.0 0.0
-20.94924549326172 -29.48815394695434 -72.68781280517578 0 -66.63091278076172 -17.41457748413086
-45.82612995371094 23.69236563388672 -73.20344543457031 0 -70.28907775878906 -69.93790435791016
11.96051784291992 27.93467520419922 -84.63545227050781 0 0.0 94.91606903076172
37.20137782827148 -32.27199174221191 -72.08428955078125 0 -31.82615089416504 17.97360610961914
42.001041371972654 17.2606601590332 -119.25232696533199 0 -60.0000114440918 -90.0
65.42872043386231 6.644163119238282 -115.2963027954102 0 -8.762775421142578 138.3462677001953
65.86128993764649 5.078966128271485 -53.08640670776367 0 -40.13054275512695 115.3571548461914
-51.95097736582031 -22.42755318935547 -74.37565612792969 0 -58.81156539916992 2.647513389587402
25.047220189721678 -37.62441731746826 -36.0 0 -56.13180923461914 47.98263168334961
42.53052278295288 -37.71256257351074 -50.51635360717773 0 0.0 27.04056549072266
-51.40719227060547 -36.18434335048828 -36.0 0 -60.36610794067383 -55.04275131225586
-52.343563120214846 -34.71211816127929 -36.0 0 -60.36610794067383 -60.04275131225586
0.7070426537109356 31.95503805820313 -66.63463592529297 0 -45.0 161.7343139648438
12.25619884267578 34.7427272671875 -68.78937530517578 0 -35.59353256225586 135.4192504882812
-57.51109699472656 19.12022970859375 -61.3255615234375 0 0.0 -143.5191497802734
38.25011630788574 -35.50474549587402 -74.19366455078125 0 -31.82615280151367 17.97360610961914
27.98063464895019 -19.31410790737305 -96.69429016113281 0 -70.28907775878906 -69.9378890991211
52.964186628015135 38.42126272861329 -89.77432250976562 0 -76.5704574584961 100.0310363769531
5.799419362695312 -33.66674472149047 -89.38094329833984 0 -45.20473861694336 15.13648891448975
-65.24894336923828 -34.336665165979 -36.0 0 -59.15215682983398 -44.01497650146484
-39.67692951425781 -38.59306145961914 -36.0 0 -37.08225250244141 21.25470161437988
64.28807636037598 5.256654726904298 -52.62918853759766 0 0.0 63.99751663208008
66.0578002525879 32.58909414951172 -94.93965148925781 0 -80.0 136.8923492431641
-61.80365375742188 -35.9953508501831 -36.0 0 -56.83378601074219 -57.49913024902344
26.92931743398437 -20.4926300173584 -77.63578033447266 0 0.0 -36.29452896118164
62.21734424367676 -38.76502896602783 -71.71920776367188 0 -13.78512001037598 65.76087951660156
62.41411205068359 -37.23229981716308 -66.71530151367188 0 0.0 70.00000762939453
41.91015811696777 -35.09036256130371 -66.71530151367188 0 0.0 -19.99999809265137
2.530788381249998 -10.93925000484619 -117.8334274291992 0 -59.99998092651367 -90.0
5.030788381249998 -13.43925095852051 -117.8334274291992 0 -59.99997711181641 0.0
44.93134303823242 -36.63528443630371 -59.20929718017578 0 -23.72477912902832 58.09783554077148
-65.12039570078124 33.27749823276368 -44.59930801391602 0 -59.99999618530273 180.0
33.65458484426269 -28.48022271450195 -66.68389129638672 0 0.0 -5.000004291534424
25.0667876793457 19.53639029208984 -117.4496688842773 0 -60.0 90.0
15.066787679345701 9.536390292089845 -117.4496688842773 0 -60.0 0.0
65.45031162038575 -29.18062783535156 -85.97279357910156 0 0.0 53.62891006469727
66.22162814870606 -27.62485064323578 -85.97279357910156 0 0.0 73.62891387939453
27.34701534047851 16.07031058017578 -78.81024169921875 0 -70.28907775878906 -69.9378890991211
23.789543111474607 -33.44217683132324 -61.93038177490234 0 -52.46381759643555 22.70963287353516
22.2849158836914 -35.35584927852783 -95.53585052490234 0 -73.14295196533203 15.04658603668213
24.79421993032226 -18.28135348613892 -89.84984588623047 0 -48.3482780456543 -90.29068756103516
12.96966167226562 -3.045829785424804 -107.78295135498051 0 0.0 1.271754503250122
-62.86339191660156 38.4049816006836 -86.38552856445312 0 -59.68701171875 -134.8602447509766
-8.335796396582033 20.42981146518555 -119.12670135498051 0 -28.20685768127441 -99.4720458984375
-64.60983661875 23.58341787998047 -53.22927856445312 0 -28.20685195922852 -99.4720458984375
23.43090816274414 26.48055075351563 -119.6844940185547 0 -8.762775421142578 138.3462677001953
17.09255977407226 -8.551420224267577 -118.5360565185547 0 -5.604223251342773 20.900634765625
35.65583034291992 -18.34879590328369 -76.35210418701172 0 -37.72910690307617 32.94427871704102
-42.84601978525391 -38.41320229824218 -69.86192321777344 0 -60.28145599365234 -20.78330421447754
22.640739400537107 38.73102377597657 -81.66702270507812 0 -27.66999435424805 117.729118347168
-23.29352192148438 -37.01883603389892 -36.63362884521484 0 0.0 -62.05868911743164
11.32514186635742 -38.26324654873046 -36.63362884521484 0 0.0 57.94132232666016
19.52655597463379 -38.52572156246337 -72.44039154052734 0 0.0 -61.11542129516602
64.64926524892579 -37.41224099453125 -68.98787689208984 0 0.0 35.16916275024414
-56.34346393808594 -38.62740708645019 -36.0 0 -37.52771759033203 -35.894775390625
-15.7723122046875 -33.94694997127685 -85.2823257446289 0 -49.07759094238281 14.42408180236816
-34.15316395029297 -28.2367477541748 -117.94766235351558 0 -6.955230236053467 -31.62265968322754
2.370441396386717 -37.72377301510009 -38.71484375 0 -46.92570495605469 42.77174377441406
52.49582477346191 -35.59280587490234 -41.27108764648438 0 -11.49127769470215 33.29969787597656
66.42242618337403 -29.23040200527344 -85.30580139160156 0 -40.89340209960938 0.0
4.785919149072264 -25.42304707821045 -119.9700393676758 0 -2.01471996307373 40.96273803710938
-4.168350260107424 38.62252615634766 -72.00031280517578 0 -62.46377563476562 172.616455078125
55.26277585759888 38.11326407138672 -95.46676635742188 0 -85.0 -178.8689270019531
54.6687860085083 37.99639700595704 -95.46676635742188 0 -84.99998474121094 -158.8689422607422
-9.000667612402346 36.06933020297852 -72.85968780517578 0 -67.78645324707031 -154.9223480224609
20.728311498315428 -37.34338952358398 -60.12386322021484 0 0.0 49.18764495849609
23.535751302392576 33.6984500760254 -72.34031677246094 0 -40.13053512573242 115.3571395874023
55.154704053552244 -37.97679711635742 -49.63391876220703 0 0.0 12.39047718048096
63.85560699239502 4.123838412207032 -39.23252868652344 0 0.0 90.0
63.69706340566406 5.8339385861572275 -40.41974639892578 0 0.0 109.9999923706055
10.81453319326172 -1.418872845727538 -119.0962066650391 0 -58.41043090820312 166.0660858154297
33.02652259603271 13.98413656894531 -60.53230285644531 0 -67.78645324707031 -154.92236328125
-63.30019764169922 -17.19705773647461 -66.62398529052734 0 0.0 -80.09046173095703
-46.18677143320313 31.29855536166992 -109.75668334960942 0 -44.72719192504883 -124.1003875732422
31.163349111230467 -6.754945767480468 -62.59260177612305 0 0.0 -26.64458847045898
54.779860456140135 37.32964895908204 -117.7666168212891 0 0.0 149.3720092773438
30.02833362355957 32.41335104648438 -117.7666168212891 0 0.0 -100.6279983520508
49.34460516706238 -3.387962353784179 -118.3106689453125 0 -60.0 180.0
65.92150493398438 -38.14298440273437 -47.94803619384766 0 -46.92570877075195 42.7717399597168
12.19873042836914 -38.69107247646484 -36.0 0 -51.36931228637695 -41.83620834350586
-40.792209665625 1.264165865820313 -117.53540802001949 0 -38.12637710571289 -26.37420272827148
35.05739780202637 5.414978014868165 -119.7876205444336 0 -16.56818771362305 -39.28570938110352
-54.93126301035156 35.35068319980469 -37.06979370117188 0 -4.419754505157471 -97.77852630615234
30.99922176137695 38.72450064365235 -63.07779312133789 0 -28.20685768127441 -99.47205352783203
-63.60836414560547 38.69871329013672 -36.0 0 -43.72210693359375 -111.4600677490234
63.369544942529295 2.240577685278321 -66.40935516357422 0 -40.50168228149414 109.8809661865234
64.49620624318848 2.647998797338868 -63.16200256347656 0 0.0 109.8809585571289
25.474018056542967 -30.04475117977295 -65.69953155517578 0 -38.9694709777832 30.37267303466797
27.55982204213867 30.96093558017578 -84.62300109863281 0 -36.75431823730469 167.8527221679688
64.66234966054688 5.807641970556642 -52.18026733398438 0 -30.2587718963623 70.49689483642578
-59.95797352060547 26.06977652255859 -75.71516418457031 0 -53.20477676391602 -114.7981262207031
31.694856603295896 -15.4186611300293 -59.36701202392578 0 -64.4678726196289 -102.3990631103516
-32.49644092783203 29.36615942661133 -103.4911270141602 0 -76.5704574584961 100.0310516357422
-55.84752277597656 -38.59179402645263 -36.0 0 -58.26123428344727 -21.26473808288574
25.772331197412107 -31.31699563320312 -69.54579162597656 0 -16.56818771362305 -39.28570938110352
28.846794088037107 1.768783556860352 -63.55751037597656 0 0.0 -151.0844268798828
34.67210098043213 -35.36478043850097 -63.55751037597656 0 0.0 -11.08441257476807
-27.86385730966797 -38.13467408474121 -44.35299682617188 0 0.0 45.98325729370117
64.92197986379395 -5.4330597048583975 -74.31967163085938 0 0.0 172.3417053222656
63.18427081838379 -5.276191723901366 -83.05068969726562 0 0.0 177.3417205810547
13.75413127675781 36.1787738675293 -70.39875030517578 0 -48.25313186645508 127.756217956543
3.9882087303710922 -37.27318383510742 -73.48774719238281 0 -38.29125595092773 31.57525634765625
26.65212245717773 1.946729647558595 -66.27873229980469 0 -2.462686061859131 -96.54501342773438
-34.42399982675781 29.92321585361328 -117.4882659912109 0 -53.51758193969727 -157.1239776611328
-59.5733375953125 -37.46523286159668 -36.0 0 -32.5977897644043 -48.5935173034668
51.71912284627685 -37.7709331637207 -44.27145767211914 0 -25.20012283325195 5.574539184570312
66.22042461171876 5.749380099218751 -76.82313537597656 0 0.0 30.07968902587891
-55.39065174326172 36.09556769077149 -49.83241653442383 0 -71.66231536865234 152.5543670654297
23.21597667470703 -28.4466152315918 -113.50741577148442 0 -40.89340209960938 20.0000057220459
-14.81242756113281 -16.70718385036621 -119.7973785400391 0 -50.31181335449219 75.23292541503906
66.4545058800293 3.922666537207032 -64.6595458984375 0 -5.604223251342773 20.900634765625
-65.48685840830078 37.74106405917969 -66.89849853515625 0 -45.0 -135.0
33.79839988485107 -29.82120038326416 -77.44320678710938 0 -13.68530654907227 -10.67547512054443
63.038994748742674 3.571662890356446 -74.80694580078125 0 -56.30796813964844 55.17080688476562
31.12319942250976 17.4828281277832 -65.17407989501953 0 -4.705331325531006 -64.08384704589844
-65.62623218759765 -34.64986420925293 -36.0 0 -24.12702369689941 -57.19959259033203
16.37226863637695 38.79849814121094 -65.3216781616211 0 0.0 -90.0
36.12188716665039 -36.08881951625976 -46.84199523925781 0 -12.8650951385498 -19.22359657287598
-3.5555267737792984 19.62008856479492 -117.3513565063477 0 -90.0 0.0
64.40891834035645 14.92284964267578 -110.5477981567383 0 -62.46377944946289 172.616455078125
41.05539651647339 -34.38561059291992 -66.95960235595703 0 -36.14592361450195 -2.088505268096924
65.78907771840821 5.038061129492188 -45.17616271972656 0 -11.03486347198486 170.8074645996094
-48.79993061289063 -17.95859433468017 -106.6661376953125 0 -40.47727584838867 -39.89874649047852
-0.8522224830078144 -34.06391145046386 -48.45964050292969 0 -10.68472194671631 -0.0883461982011795
30.671649892480467 32.04502676669922 -67.57920837402344 0 -29.74190330505371 -151.9953460693359
-42.35011677011719 -37.5465679293457 -36.0 0 -22.41508293151855 -67.629150390625
-47.59900287851563 -37.12588120754394 -50.40426254272461 0 0.0 -49.87711715698242
36.65927119985351 -38.4507312899414 -67.98529815673828 0 0.0 -55.16556549072266
-55.32216266855469 38.48873709384766 -46.07265090942383 0 -70.0 -162.3708038330078
-53.036373178808596 37.14153479282227 -46.59731292724609 0 -74.99999237060547 177.6291351318359
-56.69532398447266 10.0545062894043 -76.50431823730469 0 -84.93406677246094 47.50779342651367
20.755681951196287 -38.04225922878418 -81.12533569335938 0 -30.97319412231445 8.91933536529541
64.53743930593262 5.365863787573243 -65.79766845703125 0 0.0 -160.0
-65.53501514658203 -37.55150224025878 -36.0 0 -45.51243209838867 -28.36968421936035
0.9243545128417949 -38.60276414211425 -66.3111343383789 0 -28.97489929199219 -53.78247451782227
-2.14421848520508 -32.37141133602294 -55.23640441894531 0 0.0 -73.782470703125
65.98139186635743 12.39406012241211 -105.3457489013672 0 -71.66231536865234 152.5543518066406
36.60517497792969 -0.4932994967285147 -97.70852661132812 0 -37.82714080810547 -54.61179351806641
65.30921169057618 22.17579458896484 -101.8808441162109 0 -80.0 104.7338638305664
21.36705203786621 -37.14879800136718 -54.58402633666992 0 -41.91048431396484 62.83385467529297
12.09041209951172 -37.36060429866943 -43.36137008666992 0 -34.50000381469727 50.43478393554688
66.11846156850586 17.82776831333008 -85.15789794921875 0 -11.03486347198486 170.8074645996094
35.18522067800293 6.905767428320313 -102.58802032470699 0 -67.78646087646484 -154.9223480224609
62.90631290212402 5.66740225498047 -65.60291290283203 0 0.0 180.0
64.61641307607422 5.365865694921876 -65.60291290283203 0 0.0 160.0
64.33962245717774 34.29846762363282 -119.7139511108398 0 -4.999987602233887 144.9533843994141
39.04349513784179 -34.84576131160888 -40.72689819335938 0 -48.92989349365234 -9.751548767089844
-54.37490467294922 -6.814022076684569 -85.08753967285156 0 -74.76229858398438 -122.461181640625
61.72478671804199 5.511766421240235 -36.70975112915039 0 0.0 157.2868804931641
-60.30514148935547 33.65961264316407 -60.37891006469727 0 0.0 -134.38525390625
35.39770122304687 10.27607535068359 -85.24917602539062 0 -60.0 180.0
45.748403508813475 -36.08432484920654 -38.45442962646484 0 0.0 0.0
31.124984700830076 -37.23230267818603 -60.94421005249023 0 0.0 -70.0
31.124984700830076 -37.23230267818603 -66.44834899902344 0 0.0 -70.0
-57.76053241953125 -28.06973267849121 -76.96553039550781 0 -78.65741729736328 -37.47671508789062
5.793186147363279 -14.163832676965331 -119.96340942382808 0 -90.0 0.0
-0.4860992835449238 -37.5727434283081 -80.98099517822266 0 -35.03311157226562 9.455392837524414
10.517044027001951 9.241121279638673 -118.1635894775391 0 -59.99998092651367 0.0
9.908740956933592 5.596429812353517 -119.9958343505859 0 -59.99998092651367 0.0
50.92441674009094 37.72754477207032 -106.10910034179692 0 -80.0 -177.3376770019531
49.7476034952713 37.46315191928711 -106.10910034179692 0 -80.0 -157.3376922607422
-65.31966022714843 0.7686748379882822 -63.77671813964844 0 -40.79406356811523 -52.68117141723633
0.9748115135742168 -37.24495412166748 -58.35936737060547 0 -16.34869956970215 24.30800628662109
14.20640178457031 18.85255621616211 -117.85643768310551 0 -4.999987602233887 167.1051788330078
0.708583791406248 38.43771933261719 -119.6309432983398 0 -15.00000858306885 180.0
-23.016101877539064 -37.07165528591308 -39.3994255065918 0 0.0 -55.6702995300293
9.747737844140623 -37.45497609432373 -39.3994255065918 0 0.0 54.32969665527344
-8.25117878183594 21.30655096713867 -116.3268432617188 0 -38.51408386230469 86.68243408203125
65.3121776177002 -30.99178410823975 -106.5089874267578 0 -45.41738891601562 24.76042747497559
42.520290334375 -9.80786515529785 -109.9763565063477 0 -60.0 180.0
22.520290334374998 -19.80786563213501 -109.9763565063477 0 -40.89340209960938 -90.0
26.404018361718748 -1.140684140283202 -68.41432189941406 0 -51.01801300048828 -62.27484512329102
30.94682689443359 6.650098788183595 -82.94001770019531 0 0.0 29.39670372009277
31.54782481923828 -38.50804807003173 -97.63653564453125 0 -40.89340209960938 -55.0
60.91419215932617 2.8915653104003924 -118.2288970947266 0 -5.604222297668457 20.9006290435791
-12.55485920175781 -13.53422929104004 -119.92761993408199 0 -60.0 90.0
-2.858703653662111 -10.06126405056152 -119.92761993408199 0 -40.89340209960938 100.0000152587891
-5.627674143164063 -14.55314732845459 -119.7225952148438 0 -37.26258087158203 82.89596557617188
-15.23462299570313 -28.95455075557861 -97.16791534423828 0 -60.0 0.0
63.998599965722654 4.405069338720704 -43.94646072387695 0 0.0 90.0
62.88715072408447 2.739000307958985 -65.97171783447266 0 0.0 0.0
61.17704959645996 3.040536868017579 -65.97171783447266 0 0.0 -20.00000381469727
65.7115802361084 5.284847247045899 -60.54212188720703 0 0.0 112.7584686279297
30.69269748464355 -38.43201829250488 -36.0 0 -17.49898147583008 -23.03075408935547
19.17837520375976 -38.3212957506958 -37.47873687744141 0 0.0 49.1856803894043
-52.277523081152346 20.13562201206055 -101.32897186279301 0 -36.87181091308594 -78.31674194335938
29.823314626367186 7.656400668066407 -57.93791961669922 0 -62.46377944946289 172.616455078125
10.01657100454101 -34.01883698757324 -48.97099304199219 0 -11.48414039611816 3.498499155044556
66.1909560753418 4.448572146337892 -77.38867950439453 0 0.0 70.0593490600586
60.41708942189941 38.79831503574219 -118.5699462890625 0 -20.82218170166016 163.1444091796875
59.725616414697264 20.01313208286133 -119.7653579711914 0 -60.0 90.0
54.72561736837158 38.13928793613282 -119.55746459960942 0 -24.99999046325684 179.9999847412109
33.58887573018799 37.82628439609375 -67.18006896972656 0 -64.99999237060547 -144.3332061767578
32.62042613759765 -2.91343499477539 -85.66927337646484 0 -40.71854400634766 -22.15061950683594
23.27908702626953 -38.2917375689331 -45.30376815795898 0 0.0 -49.21352386474609
21.1158485008789 -38.51390267666015 -66.35298156738281 0 -56.30796813964844 55.17080688476562
31.19914432302246 0.3094234341796884 -76.58316802978516 0 -74.76229858398438 -122.461181640625
39.26669021383056 -6.138637555200194 -115.8170928955078 0 -60.0 -90.0
63.8628081871582 6.063879000585938 -51.88145446777344 0 -75.0 110.0
15.69018550649414 -33.83044339473877 -90.40866088867188 0 -43.10913467407227 14.49881076812744
65.71989627614747 -3.469678891259765 -85.30580139160156 0 -40.89340209960938 180.0
-62.20118335947266 -37.6328601961914 -36.0 0 -40.28961181640625 -27.87520217895508
-11.46324543222656 -36.19148160274658 -54.50251770019531 0 -84.93406677246094 47.50774383544922
-65.10083393320312 37.47375677768555 -58.00937652587891 0 0.0 -116.0437393188477
27.355195958764646 28.72315024082031 -67.9068374633789 0 -39.99999618530273 -133.2351837158203
16.7059363915039 -29.24721909816894 -118.3240127563477 0 -21.30184555053711 25.63665390014648
66.23756786123047 -36.19821740444335 -74.89160919189453 0 0.0 35.82894897460938
6.489704091699217 -32.57082177456054 -79.43287658691406 0 0.0 47.47766494750977
23.71755786672363 38.10407065097657 -75.50077819824219 0 -80.0 158.0904235839844
20.924762685449217 -38.04281235988769 -36.0 0 -60.87125396728516 46.34807205200195
66.22665401235352 -25.43497325237427 -79.67910766601562 0 0.0 46.89089965820312
65.14415164724122 20.42216299716797 -96.30157470703125 0 -85.0 90.62218475341797
-20.55915455087891 -20.21504164989624 -91.87518310546875 0 -60.0 90.0
20.624294240624998 38.6296901578125 -70.693603515625 0 0.0 -124.8677215576172
14.25410075917969 -38.3794365053955 -36.0 0 -44.44417190551758 45.0
24.063360173852537 -27.58580972011719 -90.35098266601562 0 -40.89340209960938 0.0
9.15827174916992 -38.5274086123291 -36.0 0 0.0 -22.84514236450195
-64.6189690040039 -35.69339944179687 -45.79248428344727 0 -34.93067169189453 -9.82996654510498
-65.84947590097656 -12.39345361049805 -75.45763397216797 0 -74.76229858398438 -122.461181640625
58.64555736318359 35.02916144077149 -100.8091354370117 0 -30.23894309997559 -175.5129699707031
23.690231282861326 -0.2070655947509756 -99.07905578613281 0 -51.01801300048828 -62.27484512329102
65.94296642080079 -6.816934598046874 -69.08367919921875 0 -44.9938850402832 95.2950439453125
52.22779412999878 -7.322412503320312 -119.1665878295898 0 -90.0 0.0
12.19273372426758 11.38033865634766 -118.8532867431641 0 -59.15156173706055 174.494140625
-65.28981403574218 -26.312890065271 -53.51478958129883 0 0.0 -51.9792366027832
63.998599965722654 3.9330997342285174 -37.56330871582031 0 0.0 90.0
63.69706340566406 5.643199908178712 -37.56330871582031 0 0.0 109.9999923706055
33.09991069570312 -31.91845656688843 -119.2610015869141 0 -26.69356918334961 -46.94874954223633
38.36572929158935 -34.22266961391601 -75.15399169921875 0 -48.92989349365234 -9.751548767089844
65.35710330739747 5.389625536840821 -44.08488082885742 0 -69.00212860107422 67.56987762451172
11.38744350209961 7.340147005957032 -119.8719711303711 0 -60.0 0.0
39.07537647023926 -38.76283837612304 -65.18241119384766 0 -26.69356918334961 -46.94874572753906
-7.934642832128908 -13.52978230770264 -119.9462738037109 0 -60.0 -90.0
20.85920902028808 -20.37018538768921 -119.9462738037109 0 -40.89340209960938 70.0
21.10180850759277 -38.24392033870849 -36.0 0 -51.27108383178711 -58.76858139038086
-22.04048542246094 -34.36282635982666 -41.95255279541016 0 -4.705330848693848 -64.08384704589844
64.79984660878907 3.36305426303711 -58.08475494384766 0 -5.154618263244629 158.4084014892578
59.590179402978514 1.238267886083985 -115.9453125 0 -39.66515731811523 5.539988994598389
54.59448714986572 15.86009024326172 -117.8322601318359 0 -60.0 90.0
61.88194366231689 17.23058890048828 -119.6895370483398 0 -44.99388122558594 95.2950439453125
47.09448834195862 8.36009024326172 -117.8322601318359 0 -59.99999618530273 0.0
66.27343745961915 -33.52989579494628 -59.91637420654297 0 -43.74153137207031 10.31056308746338
-19.39358906015625 -34.03440667446289 -48.22355270385742 0 -9.520224571228027 -6.590292930603027
56.24821754232178 -4.357162488061523 -119.1523895263672 0 -45.0 179.9999847412109
24.56046672597656 -38.74735451992187 -36.0 0 -54.13684463500977 19.99999237060547
29.98921199575195 -38.63408471401367 -63.47180938720703 0 0.0 38.58112716674805
-48.09837726816406 -33.14027501400146 -42.69155120849609 0 0.0 -63.5671501159668
63.656548459680174 -36.26931763942871 -57.14957427978516 0 0.0 0.0
28.62454982534179 17.46697043125 -71.0142822265625 0 0.0 -153.4695129394531
24.28793140187988 -12.5566301470581 -80.4456787109375 0 -61.51070404052734 -49.87577819824219
-55.38141254648438 24.71887396518555 -91.56538391113281 0 0.0 -89.15213012695312
41.18390842214355 -38.5591354494873 -36.0 0 -58.60853958129883 42.77065658569336
27.47995754018554 -24.12889005001221 -90.86724853515625 0 -62.20149612426758 21.80572319030762
-2.086399118750002 -29.20597268398437 -59.90338897705078 0 -16.56818580627441 -39.28570938110352
-13.19304279550781 37.8815441006836 -77.97687530517578 0 -65.5269546508789 120.0931777954102
-64.47142414316406 11.75851248447266 -77.13349914550781 0 -70.28907775878906 -69.9378890991211
-33.18706897958985 -38.07579900081787 -51.54786682128906 0 -4.705330848693848 -64.08384704589844
44.98204799428711 -38.19889642055664 -57.01198577880859 0 0.0 -61.64742660522461
22.263818700463865 -26.61400224025879 -72.35984802246094 0 -38.9694709777832 30.37267684936523
63.83014102712402 6.129014956396485 -71.72997283935547 0 -18.45107269287109 90.0
25.50359531179199 -32.997638238031 -72.36995697021484 0 -31.40690040588379 -49.67425918579102
29.96772189870605 30.77010153476563 -119.36386108398442 0 -6.054173946380615 -116.6071395874023
32.32055850759277 34.63467215244141 -117.23104858398442 0 -0.2238122224807739 -129.0061950683594
25.556726415307615 -38.74735261257324 -36.0 0 -45.1766357421875 -20.0
64.75328632131348 -35.51605988796386 -36.0 0 -53.57833862304688 2.869097232818604
40.4896301819397 -38.74735261257324 -36.21044921875 0 0.0 20.0000057220459
26.808822591455076 -38.74735261257324 -36.21044921875 0 0.0 -20.0
62.28920741811523 19.45355795566406 -119.06063842773442 0 -65.26849365234375 78.40647888183594
26.68088145986328 38.48764609042969 -72.81851959228516 0 -45.0 -123.1801300048828
-0.2982788489746113 -16.79931927974853 -106.2176132202148 0 -60.0 -90.0
60.67429919973144 6.48250006381836 -76.5689697265625 0 -71.66231536865234 152.5543518066406
24.32731433645019 0.4230728024658212 -72.5263442993164 0 -34.99418258666992 -119.9947738647461
64.54767223134766 5.696586596411134 -55.6870231628418 0 0.0 71.9329833984375
56.0132684303833 -37.23229981716308 -67.98165893554688 0 0.0 70.00000762939453
41.14078899160156 -21.9288249140564 -107.1337738037109 0 -90.0 0.0
11.93973155751953 -38.48922540004882 -52.21026229858398 0 -23.97378921508789 -48.54693984985352
42.57165523305664 -37.71221257503662 -43.316650390625 0 0.0 51.45305252075195
61.39934440389404 7.878530489843751 -81.3150634765625 0 -71.66231536865234 152.5543518066406
-53.76245502695313 -34.96032429989013 -48.47406005859375 0 -23.90008544921875 -5.998672962188721
49.81529470220337 37.90278814975586 -113.25841522216801 0 -39.70085906982422 -173.711669921875
27.02390666738281 -37.89462472255859 -36.0 0 -59.24516677856445 46.93198013305664
45.61743303075561 -15.32820988948975 -119.3910598754883 0 -59.99997711181641 -90.0
40.04486270681152 3.444364535253907 -119.9007797241211 0 -13.32466983795166 -156.7313537597656
48.11743338838348 -12.82820988948975 -119.3910598754883 0 -59.99998092651367 180.0
-48.66348652109375 -34.25777531917724 -36.0 0 -35.33129119873047 -59.93224334716797
64.73865504995118 -25.06878114994202 -99.0101089477539 0 -60.0000114440918 90.0
38.99509616628418 -36.84269715603027 -52.44540023803711 0 0.0 16.13191986083984
60.19181152120361 24.90439795200195 -117.8992156982422 0 -60.0000114440918 90.0
-44.68241504892578 -10.27328301723633 -118.1338348388672 0 -40.54009628295898 -38.70333099365234
-63.97914509042969 -28.23810864742432 -75.92461395263672 0 -70.28907775878906 -69.9378890991211
-49.602840463964846 38.30875967685547 -72.29718780517578 0 -49.61595153808594 -147.2593078613281
65.39059062734376 -4.227609646874999 -103.7953643798828 0 -32.53594970703125 40.27338790893555
44.24090452924499 -36.75121785457763 -66.013427734375 0 -21.86313056945801 -14.30199813842773
40.04558559194336 -38.67732526119384 -36.60910797119141 0 0.0 39.92761611938477
26.16240497365722 37.00756262485352 -60.59104919433594 0 -22.04438591003418 141.0635375976562
-44.937229196875 34.11437033359375 -108.16077423095699 0 0.0 -132.8139190673828
50.09805055394897 38.75465964023438 -91.7122802734375 0 -84.99998474121094 162.370361328125
32.79254337087402 31.35360144321289 -67.68635559082031 0 -41.31178665161133 -159.6583709716797
-10.54237369760742 -28.90096665676269 -93.20795440673828 0 -60.038818359375 25.67977333068848
5.788253743798826 37.04637716953125 -59.13703155517578 0 -18.44572639465332 130.6832427978516
64.6914386345459 -32.20663453395996 -63.31577682495117 0 0.0 3.881428241729736
64.0181216789795 5.042425143164063 -62.59260177612305 0 0.0 40.84730529785156
35.35030742421875 -12.30993844326172 -73.21527862548828 0 -66.63091278076172 -17.41459465026855
-42.76234821542969 -1.8449916964355457 -73.20343780517578 0 -70.2890625 -69.9378890991211
29.92367549672851 23.36241339389649 -66.45928192138672 0 -9.66973876953125 -136.6692504882812
23.558464009912107 -10.554417622644042 -75.09027862548828 0 -61.51070404052734 -49.87577819824219
-28.4412804053711 -4.293817532617187 -118.61951446533199 0 -43.74153137207031 10.31055736541748
49.38286300435791 -30.67073251064453 -67.35528564453125 0 -45.63039779663086 -42.21272659301758
26.713397939355467 -4.580930722314452 -74.54364013671875 0 -70.28907775878906 -69.9378890991211
-48.55218891367188 -3.6038570528808576 -75.19305419921875 0 -90.0 0.0
-58.55218891367188 -3.6038570528808576 -72.51356506347656 0 -60.0 -90.0
-59.50006489023438 38.66544150058594 -68.81759643554688 0 -54.7114143371582 -130.4691925048828
28.73079105153808 3.683946597021485 -114.23416137695308 0 -40.6010856628418 -118.7886428833008
66.32300945058594 -9.679311764794921 -98.95419311523438 0 -45.0 159.1698455810547
25.446159322412107 -5.043724072534179 -78.30926513671875 0 -70.28907775878906 -69.9378890991211
14.36775584951172 -37.93074895198974 -39.20283508300781 0 0.0 53.15335083007812
63.65047832265625 -20.11496163662109 -117.4883346557617 0 -32.78423690795898 38.9923095703125
35.57777591481933 29.70968435947266 -73.03683471679688 0 -80.0 104.1466445922852
34.22451492086181 -29.92366124447021 -118.2645645141602 0 -1.119129419326782 -44.021728515625
6.738597829492187 36.9370860928711 -74.40656280517578 0 -40.13054275512695 115.3571395874023
47.3520043684555 38.27113913242188 -111.02316284179692 0 -39.31259536743164 -170.3535614013672
61.622878034265135 4.751527773779298 -53.29885864257812 0 -40.13054275512695 115.3571395874023
26.67971797719726 -38.3794365053955 -36.0 0 -42.56110000610352 45.0
4.350036580712889 -24.65506101902161 -62.84577178955078 0 0.0 -85.9354019165039
-62.83385090097656 31.71566199008789 -41.41992950439453 0 0.0 -157.2746887207031
22.219413716943357 -2.311346066552733 -95.10015869140625 0 -51.01801300048828 -62.27484512329102
-0.5406265662597676 -12.51083661373291 -116.9042739868164 0 -90.0 0.0
-58.0040016578125 -29.08628536518249 -57.45737838745117 0 0.0 -32.02318572998047
-33.58417896494141 -37.58886910732421 -73.66880798339844 0 -42.78718948364258 -25.12643432617188
-53.87933735117188 37.25045965854493 -36.0 0 -37.43206787109375 -100.3544845581055
30.96894069448242 12.144784914892579 -55.75018692016602 0 -59.6870231628418 -134.8602447509766
-7.396453897802736 -37.75180627163085 -80.07681274414062 0 -35.49139022827148 8.93300724029541
-27.62191395029297 1.505115496557618 -119.7473754882812 0 -90.0 0.0
-27.62191395029297 -0.9948845034423819 -119.0774993896484 0 -59.99998092651367 0.0
-65.33254627451171 37.984792696875 -44.59930801391602 0 -40.89339447021484 180.0
-41.8841286109375 -9.889280331689452 -119.2296829223633 0 -60.0 -90.0
-51.8841286109375 -9.889280331689452 -119.2296829223633 0 -40.89340209960938 -90.0
62.63915534749756 6.916822420996095 -74.30714416503906 0 -57.95764923095703 140.1552886962891
30.74908633962402 0.07747267429199312 -57.98588180541992 0 0.0 -22.85533332824707
29.71507640615234 28.41820334140625 -70.78546905517578 0 -60.58599090576172 87.63199615478516
26.88879390493164 37.80591009799805 -71.14093780517578 0 -57.95764923095703 140.1552734375
-29.83565906748047 -3.526622784692382 -115.31008911132808 0 0.0 -5.818629741668701
-5.246658365576174 -10.78675843532715 -119.1436080932617 0 -90.0 0.0
32.24564929738769 -19.60112000759277 -73.93141174316406 0 -45.63039779663086 -42.21272659301758
46.65854759946594 19.77009009067383 -119.2210845947266 0 -90.0 0.0
-19.0243874 28.20406149570313 -119.5970001220703 0 -43.00590133666992 131.8175506591797
30.264863927514646 9.813760744970704 -117.89842987060551 0 0.0 -65.31968688964844
28.50458713308105 16.53293417636719 -117.89842987060551 0 0.0 -85.3196792602539
31.696247060449217 2.894691454809571 -71.81101989746094 0 -75.0 102.5691757202148
-23.80634693369141 30.8960475796875 -81.34015655517578 0 -55.50936508178711 -167.3214263916016
29.012130696923826 -9.524692547875976 -65.18626403808594 0 -6.054164886474609 -116.6071395874023
-61.54252247080078 15.62713049594727 -47.8663330078125 0 0.0 -122.1937637329102
60.37827106252441 -37.2306442385498 -46.60139846801758 0 0.0 5.237758159637451
63.72913833394775 -36.31786252315673 -46.60139846801758 0 0.0 25.23776054382324
33.65458770528564 -24.34091187770996 -65.41291809082031 0 0.0 -4.999996185302734
37.29424854055176 -19.30943013485107 -78.08524322509766 0 -65.52694702148438 120.0931701660156
32.27670284047851 25.63821219150391 -58.82422637939453 0 -49.61595916748047 -147.2593231201172
35.09526630178222 -18.75179292019043 -72.74154663085938 0 -22.75048446655273 -26.88664054870605
19.32303996816406 -38.3794365053955 -36.0 0 -41.50421524047852 45.0
-31.905689279882814 -38.28555775936279 -99.97700500488281 0 -40.89340209960938 0.0
43.0487737251831 -38.44166089351806 -55.95764541625977 0 -0.8584851026535034 -56.05042266845703
43.0487737251831 -38.44166089351806 -55.65795516967773 0 0.0 -56.05043029785156
-54.16376117929688 38.74914358798829 -46.81108856201172 0 -67.78646087646484 -154.92236328125
58.8688535286499 2.932497012060548 -73.378173828125 0 0.0 -139.9860992431641
33.84136482015381 -2.458910000878905 -61.02944183349609 0 -35.04494094848633 -87.0729751586914
13.43280406728515 24.13927267734375 -119.7341918945312 0 -6.504500865936279 105.8851013183594
30.33427043691406 -3.378662121850585 -82.62805938720703 0 -40.71854400634766 -22.15061950683594
13.14875407949219 38.7187023038086 -73.73784637451172 0 -33.96839904785156 107.7888488769531
65.40210719838868 -5.735271466333007 -98.35760498046875 0 -79.99999237060547 132.2317810058594
66.04540057912598 -6.755550396997069 -98.35760498046875 0 -79.99999237060547 112.2317733764648
27.34447093740234 1.694431292456056 -66.1404800415039 0 -28.71602249145508 123.0201950073242
-33.94869617685547 -9.74568368251953 -99.68563842773438 0 -74.99999237060547 100.6474914550781
38.02898116842041 3.5083141202148456 -67.44002532958984 0 -73.14295196533203 15.04658603668213
47.72492500081787 -34.3228540545288 -72.36811828613281 0 -33.42062377929688 -34.54968643188477
16.60050197377929 -35.54481698330078 -56.89757537841797 0 -9.215965270996094 0.8385183215141296
-19.51845173105469 29.41524313632813 -87.08234405517578 0 -81.21981811523438 -174.9845123291016
35.78434081807861 -36.23714925106201 -58.84907150268555 0 0.0 55.34623718261719
32.91279693380127 36.0803966397461 -97.89299011230469 0 -35.15407180786133 128.2871704101562
32.71322723165283 -37.59268571193847 -43.28674697875977 0 -21.30184745788574 25.63665199279785
-42.55906299814453 -7.6509552126708975 -117.1967086791992 0 -60.0 -90.0
-49.996799509375 -37.88457204158935 -36.45703125 0 -45.63039779663086 -42.21272659301758
63.498077352197264 -37.64553929622802 -97.85152435302734 0 -58.81156539916992 2.64751935005188
63.82613178029785 -0.5651798373046866 -118.3139801025391 0 -40.13053512573242 115.3571548461914
59.34527107015381 -0.8124141817871084 -106.8307876586914 0 -43.00099182128906 8.857866287231445
64.7307738854004 5.381517397802735 -59.28506088256836 0 -15.1720724105835 13.23758411407471
54.10317464605102 10.00002859775391 -117.2726440429688 0 0.0 165.6739044189453
35.15217967763672 36.5619640225586 -62.68229675292969 0 -67.78646087646484 -154.92236328125
-65.84552387460937 -13.929773343164062 -46.66310882568359 0 0.0 -34.83979415893555
6.408115346582029 -37.19292641933593 -56.06142425537109 0 0.0 56.99133682250977
64.99826427236329 7.523714053076173 -71.85743713378906 0 0.0 148.9614105224609
59.06326576009521 3.894479739111329 -71.85743713378906 0 0.0 -171.0385894775391
58.68310542836914 4.24076651279297 -119.33789825439449 0 -15.1720724105835 13.23758506774902
65.68832393422852 -34.09563638027343 -39.28460311889648 0 0.0 45.0
-20.76997760996094 34.25871084873047 -78.23859405517578 0 -41.31179046630859 -159.6583709716797
25.23771472707519 27.26893423740234 -118.4600830078125 0 -48.25312805175781 127.756217956543
30.8319186760498 18.43466376010742 -90.83883666992188 0 -70.28907775878906 -69.9378890991211
23.30198856130371 38.6184825772461 -118.6900787353516 0 -40.89340209960938 145.0
65.27089687124024 5.026498782080079 -40.82564544677734 0 0.0 138.4053344726562
-58.87174610361328 -7.700723660546874 -53.46361923217773 0 -24.5067138671875 -14.30780124664307
63.55525775686035 2.443918215673829 -71.47613525390625 0 -15.17206573486328 13.23758411407471
-39.99892811044922 38.43583487216797 -74.16729736328125 0 -80.0 -142.4422912597656
26.84032245412597 20.65760229770508 -68.04216003417969 0 -44.99999618530273 -155.0
-60.5831032203125 21.92841910068359 -81.32252502441406 0 -42.51485061645508 -74.67391204833984
29.7761382652832 -34.07994176204834 -68.3194580078125 0 0.0 -19.46476364135742
36.45731158986816 -15.29001904781494 -76.13951110839844 0 -70.0 110.3119125366211
32.51865764394531 -22.00820494945679 -57.34566116333008 0 0.0 29.68809509277344
-23.93593219980469 37.49700735751954 -84.7884521484375 0 -69.99999237060547 -178.1555938720703
29.67429919973144 4.549325930517579 -119.5086898803711 0 -0.6714502573013306 93.48603057861328
35.99412055745849 -37.23230267818603 -65.73480224609375 0 0.0 -70.0
41.68241306081543 -20.0402054911438 -109.3018646240234 0 -90.0 0.0
24.71921916738281 -23.44201470668945 -72.17887878417969 0 -40.71853637695312 -22.1506175994873
-51.47114185556641 -23.57474805172119 -98.97611999511719 0 -40.65972518920898 -40.20387268066406
10.61333843007812 33.46022223178711 -64.8853759765625 0 -44.36435317993164 -127.1972045898438
59.05311961904297 -38.49710847194824 -100.31582641601558 0 0.0 42.31436920166016
32.18990131154785 37.46212958041993 -62.93943405151367 0 0.0 -140.7481689453125
33.68342204824219 28.27992438022461 -86.34291076660156 0 -74.76229858398438 -122.461181640625
28.83334728017578 29.93899344150391 -73.59405517578125 0 0.0 165.6494445800781
30.6016997887207 0.70480345432129 -62.84072113037109 0 0.0 -127.6694030761719
43.31854673162231 -37.77846814449462 -62.4251708984375 0 0.0 -2.263186931610107
11.42117687001953 -24.43431760128174 -116.14816284179692 0 -60.0 0.0
7.198062856347654 30.57779501621094 -119.1040802001953 0 -2.910803556442261 125.9472122192383
22.519428212792967 38.70142172519532 -86.88064575195312 0 -31.48127174377441 120.3270416259766
9.40985866323242 38.6675548428711 -72.4792709350586 0 -65.52694702148438 120.0931777954102
19.89575000539551 38.76768301669922 -80.51109313964844 0 -26.98574638366699 117.1913757324219
9.05143352285156 38.45983694736329 -71.5691146850586 0 -65.52694702148438 120.0931701660156
17.39302058950195 23.34298514072266 -118.19168090820308 0 -5.154618263244629 158.4084014892578
23.683254201562498 32.86730002109375 -84.42797088623047 0 -81.21981811523438 -174.9844665527344
-62.50510792001953 10.62066076938477 -46.6240234375 0 0.0 -156.1479949951172
26.537860829980467 -21.29339028652344 -82.89753723144531 0 -40.89340209960938 0.0
46.02913375631103 -18.24195195491943 -119.6919555664062 0 -60.0 0.0
-30.859470407812502 15.14427756015625 -119.53112030029301 0 -7.406394481658936 -169.1304168701172
-45.75692371591797 -14.454126370507812 -118.54674530029301 0 -4.705330848693848 -64.08384704589844
37.05243297353515 -38.35935975368652 -74.8658676147461 0 -22.20483779907227 31.29427146911621
-56.42117695078125 -37.21570206936035 -50.57939910888672 0 0.0 -16.18465042114258
-14.70809559091797 -33.1411233073059 -46.14862823486328 0 -13.78512096405029 65.76087951660156
-35.64200214609375 -38.36527444179687 -56.97675323486328 0 -48.92989349365234 -9.751565933227539
28.708311040551756 24.28781317416992 -62.48173141479492 0 -44.99999618530273 -136.0847778320312
-52.01984791025391 -34.80203725155029 -36.0 0 -43.91764450073242 -61.46817016601562
16.75644107595215 37.43423269931641 -99.95616149902344 0 -56.84813690185547 -173.8578338623047
-59.15201191171875 -24.69968129451904 -74.67109680175781 0 -41.96909713745117 -65.334228515625
63.85885234609375 36.45713232700196 -91.76461029052734 0 0.0 124.2286376953125
20.31089015737304 37.91115378085938 -76.92378997802734 0 0.0 -113.9409332275391
22.28279109731445 37.85378836337891 -73.44139099121094 0 0.0 -129.4777679443359
-30.24664692148438 -19.5129895335022 -97.5025634765625 0 -90.0 0.0
-39.27846149667969 -17.2786932116333 -104.2047805786133 0 -60.0 -90.0
66.45642467275391 -0.7793560152832022 -85.3058090209961 0 -40.89340209960938 180.0
42.6646937920166 -4.987241757470702 -105.8697509765625 0 -59.43021392822266 -7.849915027618408
-7.983654062597658 -36.19302178676757 -42.75942230224609 0 0.0 56.82513427734375
-59.44018940195313 -20.08004189785156 -83.87415313720703 0 -28.89609146118164 -63.53243255615234
-55.31175617441406 -25.66591073330078 -72.83534240722656 0 0.0 -43.53242874145508
5.990528066308592 36.69080160800782 -68.60577392578125 0 -40.13053512573242 115.3571395874023
-65.52042774423828 -36.53021718319091 -36.0 0 -24.26737594604492 -48.96491241455078
30.066648442895506 -6.053537381249999 -58.05217742919922 0 0.0 1.119834303855896
63.998599965722654 3.473806368750001 -64.95362091064453 0 0.0 90.0
25.0155067040039 -18.72025586422119 -72.40425872802734 0 0.0 -48.90811920166016
43.34388538137207 -38.34938622768554 -80.1159439086914 0 0.0 -55.6879768371582
64.33972736135254 -38.33313561733398 -36.5922966003418 0 -58.81156539916992 2.647514581680298
47.217803914697264 -38.59585191066894 -36.0 0 -40.97847366333008 -56.19951629638672
33.07814689412842 -5.740587246972655 -119.1644744873047 0 -4.999987602233887 -130.5461883544922
65.85452647939454 -23.26055980976257 -109.5692291259766 0 -60.0 90.0
32.67107578054199 4.281459795874024 -54.77194976806641 0 -21.56689453125 -136.3896484375
-55.81769184335938 -36.11761380489502 -67.46664428710938 0 -32.50653076171875 -63.23159027099609
55.36613078847656 38.67742727939454 -92.5635986328125 0 -85.0 -178.9436798095703
-58.67320636972656 -36.07652570064697 -37.88480758666992 0 0.0 -44.65091323852539
33.68320461049804 -18.18312741573486 -64.41857147216797 0 -70.28907775878906 -69.9378890991211
26.030414540917967 12.618226992529298 -69.33917999267578 0 0.0 -133.9854278564453
-7.917141001074221 32.13680838291016 -77.06281280517578 0 -46.27422332763672 -179.7204895019531
19.91113086477051 -6.110696805078124 -88.5115966796875 0 -61.51070404052734 -49.87577819824219
-33.94668201669922 -35.30359841640625 -72.31671905517578 0 -52.46381759643555 22.70962524414062
26.41966624990234 -38.3794365053955 -36.0 0 -52.1873664855957 45.0
-2.478870432226564 21.40939139072266 -119.6656723022461 0 -59.99998092651367 180.0
-2.478870432226564 38.60555075351563 -118.8085098266602 0 -9.999992370605469 180.0
33.16091151967773 -14.289114010888671 -69.8130111694336 0 -60.0 0.0
38.52562137380371 -33.31051303203735 -47.15979766845703 0 0.0 34.45932388305664
30.49614520803222 -36.54800320919189 -47.15979766845703 0 0.0 9.459318161010742
23.4515590263916 -19.91188050563965 -92.19378662109375 0 -60.0 0.0
3.055522878320311 -32.35088158901367 -96.971923828125 0 0.0 -32.28866195678711
-2.082824747412111 -27.6772036677185 -96.971923828125 0 0.0 -52.28865432739258
35.73834605947265 -38.04269410427246 -87.26264190673828 0 -66.63091278076172 -17.41459465026855
30.60884853139648 -20.25485230739746 -79.20082092285156 0 0.0 -24.5882453918457
20.23719592824707 38.50358389560547 -119.1725540161133 0 -40.89340209960938 145.0
-11.23433307871094 22.12054251376953 -119.1725540161133 0 -40.89340209960938 -90.0
-45.66999439462891 -23.25023747738037 -111.2205581665039 0 0.0 -55.33114624023438
1.359741170556639 38.38826559726563 -118.9472885131836 0 -4.999988555908203 180.0
29.77784915700683 -30.03054667766724 -90.25677490234375 0 -64.54690551757812 -62.60861968994141
52.47488685384521 -33.92064572628173 -66.13878631591797 0 -58.81156539916992 2.647517204284668
62.11423583760986 8.369798647802735 -78.26057434082031 0 -48.25313949584961 127.756217956543
-63.22121052011719 37.49133108798829 -36.0 0 -22.14568138122559 -108.9132690429688
-39.42132953867188 -38.77403641994628 -47.97846221923828 0 0.0 -14.27679061889648
-53.00326160654297 37.86995123569336 -50.54138946533203 0 -60.0 -157.3193206787109
26.285812337548826 -17.83729745205078 -71.09581756591797 0 -47.585205078125 -94.73601531982422
25.61955638662109 15.31263540927734 -68.61531829833984 0 0.0 -135.0
28.29016109243164 17.55354117099609 -68.61531829833984 0 0.0 -145.0
21.50688548818359 -18.31491376217041 -92.07209777832031 0 -57.12362289428711 -82.33695220947266
63.198527295739744 4.70369147006836 -48.22873306274414 0 0.0 136.8443450927734
64.2397956444336 3.3140392178710956 -48.22873306274414 0 0.0 116.8443374633789
60.7417144371582 -35.41891862209472 -39.9195671081543 0 0.0 4.999998092651367
26.812559087426756 -37.26504708583984 -59.15364456176758 0 -18.42070960998535 6.830230236053467
32.88392253652344 22.19788931552734 -63.85601425170898 0 -41.31179046630859 -159.6583709716797
-43.27759174570313 8.681226717871095 -72.18865966796875 0 -80.0 -128.5719146728516
32.33834071889648 -15.73195077236328 -74.69355773925781 0 -26.69356727600098 -46.94874954223633
65.09768672719727 38.50184439365235 -83.38656616210938 0 0.0 100.6093902587891
43.93845029607544 37.95138357822266 -103.0827178955078 0 -79.99998474121094 -154.390625
-20.40555195078125 -29.69166089351807 -94.07282257080078 0 -60.0 0.0
63.124114949853514 -0.969503415185546 -90.22748565673828 0 -58.81156539916992 2.647514820098877
32.9554595543457 -36.28719235714111 -50.96391296386719 0 0.0 -30.64412879943848
63.33939929738769 -5.625217450219726 -97.92670440673828 0 -58.81156539916992 2.647516489028931
61.25200935140381 4.00123785678711 -69.6767349243164 0 0.0 -26.00085258483887
19.45081897512207 36.72687338535157 -68.47313690185547 0 -40.13054275512695 115.3571395874023
65.99914928212891 36.12467764560547 -81.44100189208984 0 0.0 129.4135284423828
51.98502918020019 38.75572775546875 -99.99836730957031 0 -79.99998474121094 162.3795013427734
63.90989776387939 20.87804220859375 -107.9076995849609 0 -32.22927856445312 140.2084350585938
-58.66728595957031 -35.65577126796875 -37.54747772216797 0 -25.20011711120605 5.574545383453369
28.725753743798826 37.43456076328125 -72.27587890625 0 -27.22623634338379 105.9173736572266
66.44810672536622 7.382390963476563 -119.9930419921875 0 -2.01471996307373 40.96274566650391
-48.078121225683596 -36.81914330776367 -50.65287399291992 0 0.0 -41.40491485595703
-54.63472370371094 -36.4978447085205 -50.65287399291992 0 0.0 -61.40492630004883
14.73477550283203 -37.69954682644043 -43.4577522277832 0 -32.93635940551758 75.77899932861328
37.07177539602051 -34.90423585231933 -117.93484497070308 0 -1.119129419326782 -44.021728515625
63.022621114404295 11.74237631503906 -84.36833953857422 0 -55.0 179.9999847412109
7.687190969140623 38.41619681064454 -71.98859405517578 0 -57.95766448974609 140.1552734375
-5.128482858984377 21.17640875522461 -111.7631683349609 0 -38.28755187988281 83.27021789550781
34.53611751333008 14.15672873203125 -64.80590057373047 0 -39.54758071899414 -107.1350936889648
-6.384735147802736 25.52650259677734 -97.06060791015625 0 0.0 -95.64523315429688
5.353130300195312 37.08994864169922 -55.00827407836914 0 0.0 107.8029861450195
-56.30183033212891 38.25406454746094 -48.45627593994141 0 0.0 -144.2523193359375
31.420904119165037 -1.868314755517577 -72.53765106201172 0 -74.76229858398438 -122.461181640625
20.987235982568357 -37.86519528682861 -36.0 0 -28.69954872131348 50.34716796875
-65.39011768564453 38.13524435703125 -38.78439331054688 0 0.0 -127.3589553833008
-4.587818186132814 -37.25573159511718 -56.38976287841797 0 -6.955230236053467 -31.62265968322754
-53.26675037607422 -31.58003999050293 -86.26651000976562 0 -34.11146926879883 -46.52046966552734
-49.09767536386719 32.94399832431641 -86.87638854980469 0 -57.12362289428711 -82.33695220947266
-63.180843393652346 -38.59342385585937 -36.0 0 -14.70282459259033 -30.34157562255859
33.48740382924804 1.529338824194337 -53.14386367797852 0 0.0 -14.56568908691406
33.48756023183594 1.529298769873048 -53.14386367797852 0 0.0 -14.56522846221924
29.99091525808105 -7.652650845605468 -116.8341827392578 0 0.0 93.77681732177734
24.47515865102539 4.866964327734376 -116.8341827392578 0 0.0 133.7768096923828
5.752254445703123 -30.62115002926025 -60.94171905517578 0 -23.72477912902832 58.09783554077148
30.52986713186035 16.95026587192383 -85.52147674560547 0 -84.93406677246094 47.50775909423828
33.89549918905029 16.40450476352539 -54.79339218139648 0 -16.69924354553223 -160.5324249267578
29.5730018211914 -1.219455731469726 -58.39064025878906 0 0.0 0.1483081579208374
8.541358907373045 -37.80841924007568 -66.56188201904297 0 -31.25180244445801 -58.29624557495117
26.26776119008789 -15.69488717373047 -72.3819580078125 0 -54.72664642333984 -29.81366348266602
-61.69845203623047 -33.43877030666503 -36.0 0 -47.27346038818359 -57.19145965576172
63.93057819143066 3.850557314794923 -62.36283493041992 0 -40.89339447021484 145.0
63.541751821191404 3.8804874295410174 -43.11340713500977 0 -2.3116135597229 48.60083389282227
63.54480453267822 3.877796160620118 -42.91173553466797 0 0.0 48.60083389282227
64.4495067192627 5.359985339086915 -42.91173553466797 0 0.0 68.60083770751953
17.37398906484375 36.63590811435547 -80.67684936523438 0 0.0 -161.3054809570312
29.36929698720703 -38.13320351894531 -36.0 0 -55.98226928710938 45.98910903930664
-64.6105461524414 25.67378805820313 -55.616455078125 0 0.0 -125.4332427978516
26.65161319509277 28.43554495517578 -69.59468841552734 0 0.0 -139.2276000976562
50.33129330411682 -26.59404803569946 -116.9855422973633 0 -60.0000114440918 0.0
63.51779742971191 2.730518328588868 -48.24821090698242 0 -13.78512001037598 65.76087951660156
65.71630664602051 26.05537222568359 -86.99327087402344 0 -24.47248649597168 102.1006088256836
31.11972423330078 10.11387442294922 -81.87592315673828 0 -29.74190330505371 -151.9953460693359
31.89479823842773 9.49247549716797 -103.05227661132808 0 -51.17879867553711 -48.08606719970703
23.78600116506347 6.687433230322267 -82.5612564086914 0 -19.74641609191895 -115.0279846191406
22.289413411767576 -11.634559643823241 -98.373779296875 0 -90.0 0.0
32.28941341176758 -11.634559643823241 -95.69429016113281 0 -60.0 90.0
30.33619876638183 19.3644428128418 -64.88691711425781 0 0.0 -150.0
66.22116466298829 2.306505190771485 -119.8412322998047 0 -27.70010948181152 38.03572082519531
65.66212650075684 0.709878909033204 -92.37065124511719 0 -84.99998474121094 146.5942077636719
66.2866706444336 21.97200964633789 -91.01010131835938 0 -85.0 116.2296295166016
65.92887874379883 22.46034048740234 -91.01010131835938 0 -85.0 136.2296295166016
30.98596950307617 -38.54298020656738 -37.1807861328125 0 0.0 -15.83640575408936
45.31576200261841 31.23476599399414 -117.8370208740234 0 -52.67250823974609 -129.5924530029297
30.96459384694824 35.21912192050782 -118.9563140869141 0 -15.63637542724609 -124.2701797485352
-65.72467426523437 -36.38966180141601 -43.99058532714844 0 0.0 -52.53890609741211
55.35346313253174 -37.18688584621582 -64.67449951171875 0 0.0 7.498380661010742
58.66571613088379 -36.14263917263183 -64.67449951171875 0 0.0 27.49837493896484
63.21200176015625 28.19862173740234 -83.67434692382812 0 -38.39605331420898 167.8804321289062
-39.62367634042969 -13.262794507104491 -98.5968246459961 0 -90.0 0.0
66.18699069753418 11.99317740146484 -68.83059692382812 0 -30.0 146.5116882324219
19.07919307485351 -37.83587743099365 -45.84885406494141 0 0.0 47.16191482543945
-52.49481586679688 -35.8714609270874 -40.66355133056641 0 0.0 -54.42923355102539
-64.40280536875 28.82823370639649 -94.00614929199219 0 -64.4678726196289 -102.3990631103516
50.50321551099548 -33.31826735790405 -116.7722396850586 0 -60.0 0.0
-56.25202564462891 38.1757335538086 -45.12154006958008 0 0.0 -106.0571975708008
-56.66102985605469 36.4795780057129 -45.12154006958008 0 0.0 -101.0572128295898
-0.9762688086914082 -29.42356349285278 -95.17267608642578 0 -56.45726776123047 23.31345748901367
-28.237827341406252 3.995014178198243 -119.84347534179692 0 -31.62322998046875 176.8912811279297
-50.54634479746094 37.14808844272461 -85.84989929199219 0 -67.78646087646484 -154.9223480224609
66.40082736745606 38.3287868375 -104.9716339111328 0 -24.16958999633789 107.4013671875
51.39077516332397 5.440801608007813 -106.6523666381836 0 -62.46377944946289 172.616455078125
-2.651435892431643 -37.48649407680664 -36.0 0 -19.39608192443848 -48.51227188110352
51.26022907033691 37.54590796176758 -88.83287048339844 0 -84.93406677246094 47.50775527954102
-1.213710825292971 -24.20831538494263 -103.18539428710942 0 -65.9480209350586 37.55298614501953
35.23599239125976 -23.35196019466553 -72.97161865234375 0 -61.51070404052734 -49.87577819824219
64.10286708608399 3.411230074804688 -76.62556457519531 0 -71.66230773925781 152.5543518066406
3.201805074365232 24.25298498813477 -118.8788070678711 0 -4.999988555908203 106.841064453125
64.09402461782227 2.814687716406251 -53.10000991821289 0 -19.18287467956543 114.4224090576172
64.34681125417481 2.929475771826173 -51.45708847045898 0 0.0 114.4224014282227
25.716035802514646 30.00166128818359 -83.26890563964844 0 -70.0 -170.0010986328125
57.68998714223633 7.690713869970704 -77.08418273925781 0 0.0 -156.9637908935547
57.14665027395019 0.7552718991455087 -77.08418273925781 0 0.0 -116.9637756347656
65.39758296743165 -20.66986275966797 -111.92591094970699 0 -59.78251647949219 40.66813278198242
-56.46455768808594 38.37746237460938 -41.95580673217773 0 0.0 -106.6594848632812
16.57659908071289 34.7424945706543 -108.1630630493164 0 -60.0 180.0
2.486881215722654 20.33834646884766 -119.3354110717773 0 -90.0 0.0
17.2047156883789 37.63574026767579 -75.53536987304688 0 -20.56259727478027 111.9038314819336
43.938827951104734 0.7539348477539072 -119.69918823242192 0 -33.95859909057617 -172.0574493408203
-52.24354938730469 -38.32796288784179 -36.0 0 -37.4857063293457 -45.20816040039062
19.79302593007812 -29.29599906261597 -82.2829818725586 0 0.0 -78.98150634765625
-3.9135857032226578 -38.62036706264648 -78.45861053466797 0 -31.9184513092041 7.854367256164551
-11.09188083872071 -37.53042889888916 -41.79219818115234 0 0.0 -51.63671493530273
26.2380580498291 -35.4840679293457 -51.88196182250977 0 -36.14592361450195 -2.088505744934082
63.881826360375975 37.88271902744141 -119.5194091796875 0 -14.70878601074219 150.7453460693359
65.63623996511231 32.40283011142579 -80.74645233154297 0 0.0 170.0123291015625
43.40879197850952 -37.41879369075927 -36.0 0 -49.88920211791992 52.51998519897461
66.16637035146485 4.819490420263673 -44.52542877197266 0 0.0 136.6487731933594
63.67690559163818 38.61297415439454 -115.8929290771484 0 -45.51893997192383 136.3039703369141
24.60403819814453 10.38262747470703 -72.478515625 0 0.0 -124.9999847412109
33.64624496236572 16.56162832919922 -109.68399047851558 0 -56.1682014465332 -53.73051452636719
-52.33223346933594 38.41587637607422 -71.66912078857422 0 -50.0 -107.4609375
41.12029405370483 -1.698907864648437 -85.77098083496094 0 -54.72664642333984 -29.81366348266602
-54.75958637460938 35.17044638339844 -47.54051971435547 0 -74.76229858398438 -122.4611892700195
64.88128276601563 6.033567416113282 -55.97655487060547 0 0.0 22.9820556640625
26.59588809743652 -36.67351342495117 -62.82331085205078 0 0.0 47.81563186645508
62.95931239858398 5.515512453955079 -72.75542449951172 0 0.0 70.0279769897461
28.86467357412109 14.87038611118164 -59.81378936767578 0 0.0 -145.0
57.032559354455564 25.88185309116211 -116.20801544189449 0 -59.99998092651367 90.0
23.015691716821287 3.6453895444091815 -77.60638427734375 0 -29.99999809265137 -90.0
65.79592319265137 35.55069922153321 -95.78150939941406 0 -80.0 138.0468902587891
28.67346378103027 14.90546225253906 -62.89372634887695 0 0.0 -150.2129821777344
41.88340707555542 -2.666402829248046 -86.8865966796875 0 -58.81155395507812 2.647516965866089
28.864669759423826 19.55419729892578 -62.28045654296875 0 0.0 -144.9999847412109
-11.95203022226563 -37.98597718532714 -49.47297286987305 0 0.0 -23.56911659240723
66.00433727041016 34.12338064853516 -89.57260131835938 0 -62.46377944946289 172.616455078125
9.841052968652342 25.32849692050781 -93.87026977539062 0 0.0 93.74710845947266
5.414791066796873 29.28482245151367 -80.60941314697266 0 0.0 96.04231262207031
27.746696431787107 8.641416537207032 -65.59776306152344 0 -3.807600259780884 -149.0682983398438
-4.593669931738283 -34.61193181331787 -43.79156494140625 0 0.0 61.15363693237305
26.813569982202146 -17.46810437496338 -66.3636474609375 0 -37.8271369934082 -54.61179351806641
26.25274654165039 16.41222189609375 -69.03620910644531 0 -49.61595153808594 -147.2593231201172
-31.5466270850586 38.78819845859375 -91.08009338378906 0 -60.0000114440918 176.1403961181641
65.16725917592774 22.01508139316406 -69.56758117675781 0 -65.52694702148438 120.0931701660156
65.71703716054688 37.72045324985352 -82.37193298339844 0 0.0 169.0082092285156
65.72882266774903 -36.86088372524414 -58.55621337890625 0 -1.864802479743958 6.86677360534668
65.72882266774903 -36.86088372524414 -57.90504455566406 0 0.0 6.86677360534668
65.7288207604004 -36.86088372524414 -57.90504455566406 0 0.0 6.866767883300781
60.35758777395019 1.9662685269531262 -118.8081207275391 0 -20.82217597961426 163.1444244384766
-3.657264749853518 -31.33762313182983 -91.57933044433594 0 -52.83998870849609 19.59621620178223
13.51785274282226 -17.93937493618164 -119.05923461914058 0 -49.71685409545898 20.57259941101074
24.254081685693357 -27.07769919689331 -111.4306488037109 0 0.0 40.57260131835938
-34.53511432871094 -25.04319859798584 -118.08627319335942 0 -1.119129300117493 -44.0217399597168
-0.0204430030273457 -9.94547845180664 -119.4192276000977 0 -4.999987125396729 89.99999237060547
39.18697257772217 -2.550279629785155 -91.92353820800781 0 -58.81156539916992 2.647515535354614
-38.78943256601563 -35.14164544399414 -44.88128662109375 0 0.0 -56.96047973632812
23.30318446889648 6.924375521582032 -75.87853240966797 0 -24.99999046325684 -109.9999923706055
39.45319743886719 -5.302608502465819 -116.4655532836914 0 -61.51070404052734 -49.87577819824219
51.13806052938232 -37.55038644130859 -36.28741455078125 0 0.0 62.25128936767578
7.482562978417967 -37.11019707973632 -56.76444625854492 0 0.0 -56.00175857543945
-54.10358051523438 37.9478053921875 -36.2816047668457 0 -67.78645324707031 -154.92236328125
-14.09157947763672 -38.02151109035644 -47.35976409912109 0 0.0 -23.22732353210449
33.4972133232666 7.323617922705079 -52.93125152587891 0 0.0 -165.4633483886719
28.21683879628906 20.65685843173828 -62.90919494628906 0 -3.807600259780884 -149.0682983398438
-59.30989460214844 -18.24102498348389 -75.77542114257812 0 -45.3996467590332 -78.72539520263672
35.17864604726562 28.55371664707031 -75.76858520507812 0 -33.95859909057617 -172.0574493408203
48.236732561738584 -34.9414425020996 -56.39658737182617 0 -36.14592361450195 -2.088505268096924
66.0127563072754 -0.4112453585449209 -73.46693420410156 0 0.0 13.52316379547119
66.43574138417969 5.143198000830079 -73.46693420410156 0 0.0 33.52316665649414
63.11036487355957 4.343421923559571 -73.46693420410156 0 0.0 -6.476826667785645
0.02802654042968555 -36.18680192287597 -73.49610137939453 0 -32.40236282348633 40.01919937133789
-26.005649607031252 28.26064108554688 -82.98859405517578 0 -55.50936508178711 -167.3214111328125
30.471868474633787 -38.74735261257324 -40.04174041748047 0 0.0 -20.0
3.9322890831542954 -38.69413853939209 -41.78812789916992 0 0.0 58.07616806030273
26.36210246816406 -15.94228173549805 -76.95268249511719 0 -51.01801300048828 -62.27484512329102
32.63050552144775 36.54384802524415 -72.70133209228516 0 -25.86526870727539 133.1130523681641
65.2460212303711 -36.85287667568359 -71.78257751464844 0 0.0 35.33123397827148
30.65402789846191 -9.491792691308593 -73.11183166503906 0 -64.4678726196289 -102.3990631103516
-15.88867573007813 -34.01568890865478 -45.44412612915039 0 0.0 -63.44091415405273
-41.71179584726563 -35.88260937984619 -36.0 0 -21.35187530517578 -63.2645378112793
23.09466930166015 -38.29706097896728 -48.30064010620117 0 0.0 -50.45516204833984
21.76570888295898 28.64508627597656 -119.7745513916016 0 -12.4063606262207 118.2841567993164
3.7047690941406235 21.42671011630859 -119.5929565429688 0 -59.99998092651367 180.0
50.04414840474853 -23.42860866840515 -117.39089965820308 0 -40.46615600585938 -50.90991973876953
35.13778873220215 -8.265380871850585 -87.11468505859375 0 -60.0 90.0
61.20848460927734 38.12927817050782 -116.4703750610352 0 -71.66230773925781 152.5543670654297
24.96699519887695 -38.74735451992187 -36.0 0 -51.09253311157227 19.99999237060547
28.864669759423826 7.012010561865235 -84.25733184814453 0 -54.99999618530273 -90.0
53.5351132942749 -21.7844247942749 -117.3455276489258 0 -90.0 0.0
64.99139018789063 -36.42896462734375 -117.1072463989258 0 -27.70010948181152 38.03572082519531
5.216091115624998 -38.49434853847656 -39.01996231079102 0 -56.30796813964844 55.17080688476562
33.32934184804687 -2.5736866122070294 -92.56192779541016 0 -60.0 90.0
64.32683368459473 5.161466586035157 -42.10572814941406 0 -50.31181335449219 75.23292541503906
-3.7167091773437515 -25.73371697719726 -62.37826538085938 0 -26.30264663696289 -35.95425796508789
16.28142162099609 -23.63028527553711 -65.69953155517578 0 -38.9694709777832 30.37267303466797
42.31778903737793 -38.6066322451416 -36.0 0 -45.51913452148438 -55.47876739501953
2.169879872949217 -35.18972970302734 -45.06849670410156 0 -10.57915687561035 -51.68477249145508
34.50671191945801 15.79633902255859 -78.64330291748047 0 0.0 -155.0523376464844
65.75239940419922 -37.50301648433837 -36.0 0 -51.36062240600586 6.934808254241943
23.74486156240234 -37.83959676082763 -36.0 0 -59.4903678894043 47.14738845825195
14.43032832875976 -37.61354256923828 -51.75981140136719 0 0.0 65.4966049194336
38.31778331533203 4.977167117041017 -60.28276824951172 0 -57.12362670898438 -82.33695220947266
-32.91649250253906 -38.53961373623046 -36.0 0 -53.41500854492188 21.67316246032715
23.004487950952146 -37.47070695217285 -100.5369644165039 0 -40.89339828491211 14.99999618530273
48.995223720224 35.5037135953125 -119.7576675415039 0 -49.99873733520508 -168.9576263427734
-63.40224079355469 38.39925192539063 -48.55840301513672 0 -9.669737815856934 -136.6692504882812
26.284267385156248 34.4103526944336 -72.03599548339844 0 0.0 -146.3414001464844
32.64640231862793 37.19765661899415 -72.03599548339844 0 0.0 -166.3414001464844
8.848350484521482 -36.36001874263916 -36.0 0 -29.25449562072754 -55.95330810546875
29.17997546926269 4.01405523959961 -67.64580535888672 0 -44.99999618530273 -100.0000152587891
65.21912952199708 38.54371451083985 -93.98414611816406 0 0.0 161.891357421875
-37.36388019785156 -34.49007989223632 -80.80502319335938 0 -53.10297012329102 -5.390710830688477
57.03210254445801 -38.0638961916748 -48.32338333129883 0 0.0 59.36981582641602
51.02263375058899 35.05440329257813 -118.2362289428711 0 -57.28278732299805 -171.4476928710938
38.92504783406982 37.96292685214844 -85.97279357910156 0 -28.01542854309082 128.6218414306641
-63.12712482675781 -23.50076867397461 -65.95175170898438 0 -66.63090515136719 -17.41459846496582
-63.17171100839844 -0.2791767245117178 -64.21900939941406 0 -60.0 -90.0
6.346145589501951 -38.2381372576538 -36.0 0 -60.94539642333984 -15.99924373626709
25.49615093007812 24.12264059726563 -99.50537872314453 0 0.0 -110.0019836425781
59.03136630788574 -33.62155724819335 -40.17235946655273 0 0.0 71.04136657714844
-65.23843769296874 14.81974600498047 -66.51679992675781 0 -44.99999618530273 -129.9999847412109
-61.21513752207031 0.4439201230224619 -64.15351867675781 0 -57.12361907958984 -82.33695220947266
42.02380271688232 37.67511938754883 -97.54557800292969 0 -85.0 -171.8065338134766
61.04678245321045 21.62801550571289 -94.66853332519531 0 -24.65084457397461 160.0442504882812
62.3783225609375 -36.5533924227539 -108.7316513061523 0 -52.46381759643555 22.70962905883789
-50.50686268076172 35.50868796054688 -72.29718780517578 0 -49.6159553527832 -147.2593078613281
-41.83004383310547 2.8462047452148456 -84.39531707763672 0 -12.33974647521973 -173.7276458740234
-56.80409626230469 -38.53830910976562 -36.0 0 -55.88839340209961 -21.68328094482422
-65.46136097177734 1.673658358496095 -45.76953887939453 0 -2.46268630027771 -96.54502868652344
-62.81245044931641 5.339418398779298 -68.57101440429688 0 -66.63091278076172 -17.41460418701172
63.998599965722654 3.989870058935548 -53.83792114257812 0 0.0 90.0
63.69706340566406 5.699970232885743 -53.83792114257812 0 0.0 109.9999923706055
64.32746120229493 14.957345950048829 -102.0767364501953 0 -35.14401626586914 168.9620819091797
-63.258235971777346 6.529474245947267 -44.86719512939453 0 0.0 -111.2454071044922
34.79784198537597 26.14414786044922 -62.09015655517578 0 -27.19570541381836 175.5434875488281
64.18564983144532 17.18512533847656 -82.57196807861328 0 0.0 173.0941772460938
43.4676608635498 -34.469797146875 -36.0 0 -47.2315788269043 53.60242080688477
56.99279399648437 -37.1778402453247 -64.18382263183594 0 0.0 -7.885577201843262
-54.50558094248047 38.08347128574219 -48.96810531616211 0 -65.0 171.9609527587891
33.24044605031738 -18.24008561428223 -66.97068786621094 0 -57.12362289428711 -82.33695220947266
27.180717427880857 -29.66776467617187 -76.447021484375 0 -45.63039016723633 -42.21272659301758
38.57836528554687 -32.31920815761718 -70.41990661621094 0 -54.72664642333984 -29.81366348266602
66.09362979665528 -3.1937008028808576 -88.73920440673828 0 -81.21981811523438 -174.9844665527344
64.51827426687012 -35.91294003780517 -52.76151275634766 0 0.0 35.84697341918945
45.49470277562866 -38.74735261257324 -36.0 0 -30.51487350463867 20.0000057220459
35.94426723256836 -34.84335519130859 -60.71461486816406 0 -22.75048446655273 -26.88664054870605
-64.95182422861328 -9.148853314477538 -55.48731231689453 0 0.0 -55.94916534423828
28.83350368276367 -8.363977444726562 -72.35445404052734 0 -57.12362289428711 -82.33695220947266
60.9679278923584 -35.3918991213623 -65.276611328125 0 0.0 0.0
59.257826764733885 -35.09036256130371 -65.276611328125 0 0.0 -20.00000381469727
-22.027202646582033 -26.74936677272949 -106.4273910522461 0 -60.0 0.0
30.89291950002441 -9.566217434960937 -99.90068054199219 0 -60.0 90.0
14.72286983266601 -35.93843842800293 -85.79908752441406 0 -37.76421356201172 11.66268539428711
-58.074436228125 34.53615378085938 -44.33662033081055 0 0.0 -168.0480041503906
65.65347286000977 -0.896718991357421 -95.45828247070312 0 -84.99998474121094 112.7873001098633
56.798662145288084 25.5513095730957 -115.79724884033199 0 -59.99999618530273 180.0
65.900173146875 -25.78208924587402 -89.75688934326172 0 -31.78166961669922 32.16712188720703
25.48650165334472 -36.64931298549804 -53.55225372314453 0 -25.20012283325195 5.574539184570312
3.758098561914061 -23.56207276638184 -72.77000427246094 0 -46.92570877075195 42.77173614501953
58.78104587331543 -38.67066193874511 -92.53370666503906 0 0.0 47.43657684326172
-7.662921945898438 -37.77606488521728 -61.52421569824219 0 -84.93406677246094 47.50777435302734
65.19095989003907 -34.9481039171997 -38.22430419921875 0 0.0 41.93978500366211
40.02884479299316 -38.41010190303955 -39.80633163452148 0 0.0 39.86510467529297
-17.93464283212891 -37.80443097408447 -79.09390258789062 0 -37.17261505126953 7.705203056335449
-58.87018207773438 -38.52932168300781 -36.0 0 -53.32180786132812 -43.92882537841797
45.9868807388855 -33.63750172908935 -71.98570251464844 0 -63.44827651977539 35.10869979858398
33.28675075307617 -24.08854104335937 -64.19061279296875 0 -43.74152755737305 10.31056213378906
65.1638564659668 -35.38882066066894 -63.42422485351562 0 0.0 5.239135265350342
-50.95972065195313 -8.07557870205078 -75.47046661376953 0 -78.65741729736328 -37.4766960144043
60.96471019521484 -5.248744977075194 -105.45364379882808 0 -46.92570877075195 42.7717399597168
27.01562495961914 27.81691549960938 -66.32310485839844 0 -24.99999046325684 -140.6149139404297
64.21113200917969 -8.758031857568358 -110.56692504882808 0 -46.92570877075195 42.7717399597168
29.61739917531738 -24.93225003536377 -65.20735168457031 0 -37.2625846862793 82.89596557617188
44.354976375253294 -17.82817078884277 -120.0 0 -90.0 0.0
63.1488303734375 -10.987770093041991 -117.3205108642578 0 -40.89339828491211 109.9999923706055
-28.36176685556641 -2.60568238552246 -115.90050506591801 0 -25.20012474060059 5.574536800384521
39.23801418081054 -2.096179974633788 -86.07904815673828 0 -48.92989349365234 -9.751550674438477
-63.85939411386719 37.811452853125 -73.40884399414062 0 -81.21981811523438 -174.9844512939453
-58.45161823496094 38.42658041660157 -50.48439407348633 0 -39.54756927490234 -107.1350936889648
30.615184743554686 38.7912120694336 -73.29335021972656 0 -79.99998474121094 137.4365844726562
24.6057281090332 -37.76832963283691 -76.20662689208984 0 -48.92989349365234 -9.751548767089844
11.86299510732422 -38.18344880397949 -48.72366333007812 0 0.0 21.60517692565918
-62.05530933603516 -27.39694691951904 -73.39684295654297 0 -73.14295196533203 15.04659748077393
0.01074214711913868 29.25655935947266 -76.83235168457031 0 -51.73513793945312 160.2173919677734
-55.11597065195313 -24.42057610805664 -92.88645935058594 0 -39.11632537841797 -47.88982772827148
14.71702571645508 34.65810583774415 -104.17469024658199 0 -63.30244445800781 -169.5092620849609
-3.3720817969726578 29.12682532016602 -86.30687713623047 0 0.0 -99.5092544555664
28.1268519951416 7.602682101171876 -64.56135559082031 0 -4.705340385437012 -64.0838394165039
36.50592990651855 23.60287283603516 -74.4536361694336 0 -19.39211082458496 -144.3322906494141
64.3974055840088 2.733861910742188 -68.4961929321289 0 -63.44828414916992 35.10869979858398
25.56120105520019 -36.76826669033203 -41.68914413452148 0 -36.14592361450195 -2.088506460189819
-57.16675190195313 -3.988340390283202 -72.46351623535156 0 -63.58579635620117 -67.83667755126953
54.009732206018064 38.66653250400391 -101.2881317138672 0 -79.99998474121094 -178.3023071289062
35.59855075612793 -37.59398843105468 -70.63571166992188 0 0.0 -29.81340980529785
61.73583598867187 0.1406612271484384 -76.31902313232422 0 -81.21981811523438 -174.9844665527344
-15.9974327491211 -36.8940210467163 -48.79197692871094 0 0.0 38.72274017333984
-21.454944650976564 -37.66817761715087 -48.47546005249023 0 0.0 -26.44121551513672
-23.20093158945313 -19.95654298122559 -95.64009094238281 0 -90.0 0.0
-33.20093158945313 -19.95654298122559 -92.96060180664062 0 -60.0 -90.0
39.46508498922119 -34.62143899257812 -36.0 0 -63.88560104370117 35.61005020141602
30.55263515249023 34.9830837125 -58.61916732788086 0 -17.03577423095703 -176.7934722900391
30.0557899071289 15.69222449008789 -59.74807357788086 0 -33.95859909057617 -172.0574493408203
25.68905635610351 -10.67271615322266 -104.636962890625 0 -26.69356918334961 -46.94874954223633
34.27178474202881 9.69990729038086 -68.54045104980469 0 -61.51070404052734 -49.87577819824219
-42.571407358496096 -36.27765084560546 -36.0 0 -56.27821731567383 -56.53499603271484
24.89591213002929 -36.2571334963623 -90.57356262207031 0 0.0 -57.29270553588867
40.40306373372803 7.15489004794922 -116.15811157226558 0 -62.89092636108398 -91.07980346679688
32.30198188558349 38.45749472324219 -70.66053771972656 0 -49.99999237060547 -151.0885009765625
12.63292690053711 8.57291983310547 -109.18885040283199 0 -40.89340209960938 -165.0
26.280223806054686 27.01879690830078 -70.17684936523438 0 -36.07936096191406 -166.5390930175781
38.9745025230957 -38.44636727626953 -36.0 0 -51.84915161132812 -56.03417205810547
-27.18220905527344 -38.36021138485107 -36.0 0 -12.12178611755371 45.07784652709961
65.6288337303711 -36.94585610683593 -67.1656723022461 0 -15.1720724105835 13.23758316040039
-27.268283884375002 -29.34651566799316 -119.7567596435547 0 -36.14592361450195 -2.088495254516602
-53.4847145484375 38.2439479703125 -49.98976135253906 0 -9.999994277954102 -165.8019866943359
31.476303060205076 -2.095165265161132 -67.39117431640625 0 -53.20476531982422 -114.7981491088867
-1.038669626562502 29.46082113925781 -119.9796676635742 0 0.0 125.6528167724609
-53.496212045996096 37.34457205478516 -48.05960845947266 0 -69.99999237060547 -173.4999694824219
35.76652808919678 -16.37762643154297 -118.6812896728516 0 -36.66250610351562 -60.32519149780273
62.54032893911133 -4.536592495996093 -95.36029815673828 0 0.0 21.55002212524414
23.227205236108396 -38.48637772854003 -60.52906036376953 0 0.0 -48.47292327880859
36.7559852196289 -38.74735261257324 -39.02190780639648 0 0.0 20.00000381469727
36.75598331228027 -38.74735261257324 -39.02190780639648 0 0.0 20.0
4.134963948876951 -38.55891610439453 -54.00285339355469 0 0.0 56.69574356079102
63.50100608602295 7.642053591650392 -74.48069763183594 0 -64.99999237060547 153.9884490966797
57.444021184594725 -37.56928635891113 -45.26513671875 0 0.0 60.04135894775391
-38.83400348886719 33.28304861728516 -117.3787307739258 0 -51.10358810424805 -148.6414031982422
36.27742381826172 26.21864508334961 -74.107177734375 0 -75.0 109.2366638183594
-47.93666462167969 -8.628309262353515 -75.36750030517578 0 -45.63039779663086 -42.21272659301758
30.83433910146484 -23.12574960048828 -79.48070526123047 0 -45.08181381225586 17.34723854064941
-60.07963947519531 8.724901186865235 -73.20072174072266 0 -45.20054626464844 -107.3979415893555
-43.80984882578125 -36.67140580471191 -72.64303588867188 0 -39.95869064331055 -36.90695571899414
23.30932803884277 -37.27400971706543 -36.0 0 -12.11704921722412 -29.99999809265137
56.534915883691404 38.35899161044922 -103.32681274414058 0 -74.76229858398438 -122.4611511230469
-64.89845661386718 -29.16858292873535 -50.16688919067383 0 -19.71846199035645 -48.00856781005859
-64.89845661386718 -29.16858292873535 -42.99858093261719 0 0.0 -48.00856781005859
-44.93071369394531 1.203746783178712 -72.57674407958984 0 0.0 -9.521665573120117
-10.45859913095703 -37.67290593441162 -85.6142807006836 0 -52.46381759643555 22.70963287353516
-52.12895588144531 -26.80596066768799 -92.10676574707031 0 -44.36483001708984 -56.08417510986328
63.43813415303955 -1.139379513818358 -111.0517044067383 0 -73.14295196533203 15.04658699035645
21.01701923146972 6.523885714453126 -89.19239807128906 0 -59.6870231628418 -134.8602447509766
3.201236684472654 30.36794470493164 -73.37531280517578 0 -71.66231536865234 152.5543365478516
30.15311237111816 14.76585196201172 -68.32130432128906 0 -41.31179046630859 -159.6583709716797
9.044540364892576 38.175710665625 -61.77084732055664 0 0.0 -106.3240203857422
60.50412841573486 -38.67148019130859 -36.12861633300781 0 -25.20012283325195 5.574539184570312
32.76644893422851 3.433265673559571 -56.11222839355469 0 -70.0 125.6674118041992
66.39992519155274 0.8323573941406259 -68.89710235595703 0 0.0 36.43898010253906
-59.47583393320313 -30.69966603572998 -39.92437744140625 0 0.0 -47.98049545288086
-48.547725717871096 -19.15399981792602 -65.21853637695312 0 0.0 -12.95156002044678
53.10809512868652 38.73031424228516 -91.84379577636719 0 -84.9999771118164 161.7926330566406
20.659172017724607 -33.94811154659423 -70.15965270996094 0 0.0 -54.29776382446289
61.27186103597412 -3.358572018701171 -100.2228317260742 0 -34.19739151000977 12.1192798614502
-0.899021189062502 26.64724539462891 -87.4283676147461 0 -26.09916877746582 86.44054412841797
-65.55083851083984 31.61253927890625 -54.0919303894043 0 0.0 -125.1482315063477
56.783180196435545 38.61660574619141 -88.78121185302734 0 -76.5704574584961 100.0310363769531
65.62288089528809 4.161287295263673 -40.76123428344727 0 -25.20012474060059 5.574539184570312
-8.365451853125002 -23.0972271090332 -115.2221908569336 0 0.0 -53.1378288269043
-52.51679615244141 26.47436331455078 -54.37283325195312 0 0.0 -169.9622344970703
-28.950656931250002 -24.8868303423706 -118.7428512573242 0 -1.119129419326782 -44.02172088623047
33.87778087392578 -27.90352822597656 -60.79496383666992 0 -45.63039779663086 -42.21272659301758
-60.72125629648438 -16.3276605730835 -95.2907943725586 0 -45.0 -90.0
-40.72125629648438 3.672338473242188 -92.6113052368164 0 -40.89340209960938 180.0
64.54734798208008 7.256746279638673 -116.40978240966801 0 -24.7064094543457 143.0822906494141
-64.7460441993164 38.08572195712891 -43.04239654541016 0 -46.27422332763672 -179.7204895019531
-44.73988727792969 -37.74660588558349 -47.52472686767578 0 0.0 -11.69663524627686
45.91827984586487 37.75752447788086 -96.469970703125 0 -85.0 -156.3616180419922
65.59615512624512 16.37074850742188 -75.31072235107422 0 0.0 157.8054962158203
39.12083812490234 -23.72921944912109 -99.04801177978516 0 -90.0 0.0
-65.56711963876953 24.42620657626953 -53.7389030456543 0 -20.00000381469727 -94.80873107910156
27.377073247583006 6.576929079931642 -102.95006561279301 0 -33.35996246337891 -123.7258834838867
-54.08742908701172 -37.41338254268798 -37.89160919189453 0 0.0 -10.70400524139404
-0.22034076914062686 -12.5895424013916 -119.5641708374023 0 -59.99999618530273 90.0
12.16593166127929 25.26744650546875 -95.34742736816406 0 0.0 94.58224487304688
32.99746127858887 27.9415912503418 -53.93466949462891 0 -13.32467079162598 -156.7313537597656
57.511051137597654 -36.87038613613281 -39.22407913208008 0 -25.20012283325195 5.574540615081787
-0.6258964942382832 38.07141684238282 -75.05109405517578 0 -43.12511825561523 147.8183135986328
30.548791844995115 -11.446388257104491 -58.18392944335938 0 0.0 2.678808927536011
66.02853389516602 -5.538326275903319 -69.59629821777344 0 0.0 173.3845062255859
65.51935191884766 -3.2881126528564435 -75.27619934082031 0 0.0 158.3701782226562
-50.10675434335938 -35.30345155056152 -74.0003890991211 0 -39.54986572265625 -42.02326202392578
-29.066204111425783 14.84283255283203 -119.9322662353516 0 -17.03577613830566 -176.79345703125
-35.10001758798828 -38.59067918117675 -36.0 0 -58.82915496826172 21.27353477478027
66.08888240590821 7.014501559179688 -116.7735137939453 0 -40.89339828491211 155.0
36.71513171926269 -28.56499887760315 -116.6438217163086 0 0.0 -34.12897109985352
66.1624087883545 -24.54344369228516 -77.08556365966797 0 -1.841867685317993 35.44298934936523
66.16390796437989 -24.54554845150146 -76.92485809326172 0 0.0 35.44300079345703
64.02662845388184 4.755804049414063 -67.71749877929688 0 -73.14295196533203 15.04658603668213
49.22346301809082 -31.42460061367187 -71.92996978759766 0 -38.9694709777832 30.37267303466797
25.11869998708496 23.43616293613281 -98.52885437011719 0 -81.21981811523438 -174.9844665527344
34.80433269277344 37.21313284580079 -69.55274963378906 0 -34.48661041259766 168.523193359375
57.57184406057129 -37.33321858699951 -38.51953887939453 0 -4.232987880706787 61.7733268737793
34.63800903096924 38.57702444736329 -71.90917205810547 0 -34.99999237060547 111.5955810546875
-36.39484028085938 -34.76072312648925 -76.4849853515625 0 -63.44828414916992 35.10869979858398
5.317462880761717 36.34705542270508 -61.26984405517578 0 -24.7064094543457 143.0822906494141
2.016334493310545 30.87072561923828 -72.83625030517578 0 -57.95764923095703 140.1552734375
40.75238176122436 -37.17309762294921 -52.79354095458984 0 -5.704772472381592 -5.733275890350342
26.79878993764648 -3.8199424868408185 -66.0948486328125 0 -49.99999237060547 -114.2822952270508
54.96240039602051 -1.016305935937499 -99.26123046875 0 -66.63090515136719 -17.41459465026855
46.49522109761963 -38.44398881252441 -36.0 0 -57.6359748840332 -58.09587860107422
6.817134816796873 -13.85511208828125 -118.58023071289058 0 -60.0 90.0
-7.976108591406252 -35.23634530361328 -72.45916748046875 0 0.0 43.43852615356445
29.14606662526855 9.653074252050782 -59.92323684692383 0 -39.54757690429688 -107.1350860595703
25.33637996450195 -1.970281613427733 -89.19601440429688 0 -90.0 0.0
3.613811452539061 30.56976126376953 -72.86359405517578 0 -35.59353637695312 135.4192657470703
31.53192897573242 -12.44255925472412 -71.48573303222656 0 -51.01800918579102 -62.27484512329102
27.30175205007324 -20.50656939800415 -69.3919906616211 0 0.0 -26.23296165466309
61.84166618123779 5.024845110815431 -64.09136962890625 0 -31.30081367492676 155.4813690185547
-59.28202442392578 12.56337546054688 -47.2895393371582 0 -0.2238122075796127 -129.0062103271484
17.74447818532715 26.67468069736328 -119.4259872436523 0 -22.26595115661621 110.6211242675781
19.58922763601074 -34.18052960689697 -48.85834121704102 0 0.0 6.108124256134033
25.12617488637695 -37.70677949245605 -48.85834121704102 0 0.0 26.10812377929688
16.12427325979004 -33.94480611141357 -48.85834121704102 0 0.0 -13.89187526702881
66.279474218042 -12.06819917019043 -72.90218353271484 0 -31.82615852355957 17.97360801696777
66.16380878225098 -30.52182389553223 -72.57017517089844 0 -43.74153137207031 10.31056213378906
-9.717159311621096 33.58496283237305 -65.63257598876953 0 0.0 -98.15956115722656
57.11217494741211 -37.59497453029785 -36.0 0 -8.301568031311035 58.92707061767578
-64.71212391123046 -38.4386520510498 -36.0 0 -58.40890884399414 -22.44333648681641
45.39105506673584 -37.69716836269531 -43.09854507446289 0 -29.2276782989502 -14.48757457733154
20.28365703359375 -38.3794365053955 -36.0 0 -50.89277648925781 45.0
66.12104984060059 20.33384894077149 -99.07476806640625 0 -80.0 92.52413940429688
37.98024650350342 -2.810720456201171 -85.94623565673828 0 -54.72664642333984 -29.81366348266602
-28.463726084082033 -38.36776543911132 -50.78820037841797 0 -1.119129300117493 -44.02173233032227
61.6879977776123 4.501310336035157 -68.46491241455078 0 0.0 167.7742309570312
37.6931361748291 -3.311769497949218 -86.76264190673828 0 -54.72664642333984 -29.81365585327148
-30.38226703867188 12.655920016210938 -119.46102905273442 0 0.0 -169.1973876953125
10.74287791982422 -33.14514066036377 -62.5044059753418 0 0.0 60.70648193359375
37.20060535207519 -35.25000191982421 -61.82166290283203 0 -40.89339447021484 2.732075699896086e-06
-65.51847461923828 6.777547823828126 -53.35720062255859 0 -20.00000381469727 -101.0428466796875
60.63694186940918 -36.53342629726562 -94.01863098144531 0 -66.63091278076172 -17.41459465026855
-60.87794880136719 -9.096952450830077 -63.72744369506836 0 -40.71305465698242 -30.15399742126465
-38.96503071054688 -36.86537934597168 -36.0900764465332 0 0.0 -63.6005744934082
-34.35953144296875 -9.006172192651366 -119.4327239990234 0 -12.8650951385498 -19.22358703613281
32.64020534291992 -28.30745126064453 -73.26963806152344 0 -43.74152755737305 10.31056308746338
-34.62390522226563 -8.566225064355468 -113.6566543579102 0 -90.0 0.0
25.03977771535644 35.80770682041016 -74.25260162353516 0 -31.30081748962402 155.4813690185547
-65.47906879648437 13.14644812290039 -54.28757476806641 0 -28.20685005187988 -99.4720458984375
45.77819247976074 -0.6231517916503897 -107.0188980102539 0 -73.14295196533203 15.0465841293335
-27.06140522226563 31.39047049228516 -76.43390655517578 0 -62.46377944946289 172.616455078125
-34.43886188730469 -38.67629624660644 -41.73464965820312 0 0.0 -47.69167709350586
25.271638829858396 1.546293246191407 -95.30084228515625 0 0.0 -109.5038833618164
-56.77116016611328 36.92064856235352 -38.08842468261719 0 0.0 -102.3476333618164
-56.77116016611328 36.92064474765625 -38.08842468261719 0 0.0 -102.3476257324219
-9.515136759130861 -38.73727990444335 -50.58957672119141 0 -6.955229759216309 -31.6226634979248
31.601547200830076 -38.14199258144531 -55.7803840637207 0 0.0 -20.22958183288574
36.71690459981689 3.788452135961915 -72.57231140136719 0 -61.51070785522461 -49.87577819824219
38.62121291890869 -6.737995160180663 -92.13347625732422 0 0.0 -25.4660587310791
-37.72223285898438 -37.3017997866455 -36.0 0 -45.6186408996582 -49.21480941772461
8.395477254541014 35.8238048428711 -72.86359405517578 0 -35.59353637695312 135.4192657470703
-9.799217264501955 29.30651663486328 -79.09406280517578 0 -62.46377944946289 172.6164703369141
24.6030311180664 6.063833224218751 -92.2375259399414 0 -21.96853065490723 -118.3616485595703
-33.50197223886719 37.21782873813477 -98.7369384765625 0 -76.5704574584961 100.0310668945312
35.68926807180176 -3.934055340844726 -74.11742401123047 0 -67.78646087646484 -154.92236328125
10.01353832021484 -7.392341626245116 -118.9098510742188 0 0.0 3.387670993804932
65.87722011342774 16.84240530673828 -91.45977783203125 0 -84.99998474121094 133.3994293212891
-18.11907581552735 30.32601736728516 -82.98859405517578 0 -55.50936508178711 -167.3214111328125
9.36203380361328 -33.69032002742919 -89.84919738769531 0 -44.51113128662109 14.96451950073242
43.65952869191894 1.818632113378907 -112.9382934570312 0 -49.56685256958008 -12.64404487609863
43.05437465444336 -37.6702251559082 -36.0 0 -39.61261367797852 51.606689453125
30.731220204980467 28.98361014072266 -76.88042449951172 0 -33.54195404052734 165.1325378417969
35.70859809652099 3.649990069311524 -53.65968322753906 0 -28.20685768127441 -99.4720458984375
32.71331210866699 2.125604617041017 -56.97866821289062 0 0.0 -16.86959648132324
64.33229060903321 38.46005819980469 -99.1464614868164 0 0.0 107.9013671875
21.08895869985351 -29.90829278286133 -72.1865005493164 0 -48.92989349365234 -9.751551628112793
33.95296855703125 -8.390905392724608 -67.10964965820312 0 -78.65741729736328 -37.47671890258789
28.91516872182617 -34.84314156826171 -55.24562072753906 0 -16.56818771362305 -39.28570938110352
31.367687184960936 29.96114538852539 -71.41407775878906 0 -42.09820175170898 -177.5875244140625
33.11246295705566 29.95847891513672 -53.34383010864258 0 0.0 177.4124755859375
-45.06400684580078 38.60821341220704 -71.85813903808594 0 -84.99998474121094 -120.4356155395508
19.85468478933105 -25.15108872707519 -72.63067626953125 0 -40.71853637695312 -22.1506175994873
-52.44342426523438 -38.52155972774658 -36.0 0 -17.44410514831543 -44.42125701904297
33.81735225454101 -15.53483964260254 -64.43536376953125 0 -43.74152374267578 10.31056118011475
24.586288411767576 -36.26991463955078 -66.2965316772461 0 -23.80307769775391 -44.15050888061523
27.59133144155273 -25.65229607875976 -68.68211364746094 0 -16.56817817687988 -39.28570938110352
29.17353816762695 -30.7401828890625 -70.31140899658203 0 -35.59571838378906 -4.415256023406982
25.69353862539062 -21.36929131801758 -78.92529296875 0 -54.72664642333984 -29.81366348266602
31.729436834008787 38.25804709140625 -75.74140167236328 0 0.0 154.6400604248047
54.09350868001709 36.96019171420899 -119.73339080810551 0 -44.99999618530273 -170.0000152587891
29.70154567495117 6.377622591894532 -59.58205413818359 0 -42.51485061645508 -74.67390441894531
63.69706340566406 5.802530276220704 -61.71464538574219 0 0.0 109.9999923706055
-30.16919330820313 4.407163607519532 -118.93505859375 0 -59.99998092651367 -90.0
-35.74176410898438 23.1797389859375 -119.4447784423828 0 -13.32466983795166 -156.7313537597656
-27.66919330820313 6.907163607519532 -118.93505859375 0 -59.99998092651367 180.0
-27.66919330820313 1.907163607519532 -118.93505859375 0 -59.99998092651367 0.0
-55.75410846933594 -19.6022434359375 -93.31553649902344 0 -36.19073486328125 -53.89585494995117
62.56154819265137 3.411230074804688 -72.10479736328125 0 -71.66230773925781 152.5543518066406
-38.37672046884766 -37.44256116207275 -36.0 0 -41.53529357910156 -60.57232284545898
-30.05341724619141 37.59021948520508 -84.19608306884766 0 -70.0 -172.9714965820312
11.22826381459961 13.68704031650391 -111.8255004882812 0 0.0 179.8722229003906
33.54747577443847 7.735387789648438 -84.73590087890625 0 -41.31178665161133 -159.6583862304688
28.50090404287109 -24.89394761379394 -74.76871490478516 0 -58.81156539916992 2.647517204284668
23.01853557363281 -38.2798500185791 -43.66170120239258 0 0.0 -30.2110538482666
23.01853557363281 -38.27984811123046 -43.66170120239258 0 0.0 -30.21105766296387
28.86467357412109 15.30396078769531 -62.63491058349609 0 0.0 -145.0000152587891
23.31519313588867 -37.86412621791992 -50.76923370361328 0 -15.17207336425781 13.23758411407471
-63.93553547128906 -3.658304226953124 -70.73431396484375 0 -37.8271369934082 -54.61178970336914
-15.622657816259768 -35.65318394954834 -52.28757476806641 0 -73.14295196533203 15.04657936096191
45.00045843854675 38.73630331699219 -100.31478881835942 0 -80.0 166.2934722900391
17.95750041738281 -37.71598531063232 -81.82301330566406 0 -32.24973297119141 9.341150283813477
-43.50658039316406 37.00100516025391 -74.21571350097656 0 -81.21983337402344 -174.9845275878906
26.4010104729248 26.34979056064453 -66.36868286132812 0 -35.00000762939453 -132.3063354492188
66.4288711144043 13.12374304477539 -83.16841125488281 0 0.0 144.9999694824219
43.40019317403564 -18.93465472515259 -116.1780548095703 0 -90.0 0.0
61.38927074208984 -37.43641282375488 -55.08545684814453 0 0.0 61.21882629394531
-36.44012836679688 -33.15745927150878 -40.10219573974609 0 -25.20012283325195 5.574531555175781
61.32519527211914 38.36665915195313 -88.52189636230469 0 -16.10173606872559 98.2220458984375
27.43693347707519 -38.68223668392334 -36.0 0 -34.97553634643555 -26.76571846008301
28.79056163564453 12.542612063330079 -65.83299255371094 0 -8.31014633178711 -84.14595031738281
33.41225715413818 16.73913382236328 -119.7145385742188 0 -26.69356727600098 -46.94874572753906
66.43648715749512 35.12759970371094 -78.92101287841797 0 0.0 132.7651214599609
55.53195758596191 -3.4274978762451154 -119.34890747070308 0 -34.99999618530273 179.9999847412109
66.19928737416993 9.770566927832032 -92.49929809570312 0 -65.00000762939453 90.06255340576172
-64.24361805185546 -26.26690520103607 -45.68977355957031 0 0.0 -87.08293914794922
-62.69092182382813 -33.03706408794555 -45.68977355957031 0 0.0 -67.08293151855469
63.998599965722654 2.956361758154298 -57.00544357299805 0 0.0 90.0
65.42647739187012 5.295917498510743 -75.7992935180664 0 -69.99999237060547 110.0
63.69706340566406 4.666461932104493 -57.00544357299805 0 0.0 109.9999923706055
33.11219592824707 8.87089346591797 -59.20601654052734 0 -33.9586067199707 -172.0574493408203
61.10808845296631 1.239191042822267 -50.8790397644043 0 -25.20012664794922 5.574540138244629
16.77948756948242 -24.98810030277405 -66.2489242553711 0 -60.58599090576172 87.63198852539062
31.181808431298826 32.03368948642579 -87.89952087402344 0 0.0 -147.1221618652344
30.98381419912109 32.34000204746094 -91.70165252685547 0 0.0 -147.1221618652344
5.005874593408201 -37.62429143245849 -36.0 0 -28.08321762084961 -51.65883636474609
33.67468162313232 -29.2646083956543 -74.81651306152344 0 -43.74152755737305 10.31056213378906
-26.912525217382814 -29.11756230648193 -96.48345184326172 0 -60.0 0.0
65.17407603994141 29.61787604038086 -102.3505401611328 0 -79.99999237060547 105.8471221923828
41.74344440236816 -36.58996011074218 -51.5545768737793 0 -17.5045337677002 45.69876098632812
-65.14005665048828 8.150567995947267 -52.51679992675781 0 -16.69924354553223 -114.134407043457
-59.13575367197266 28.39171789829102 -80.03678131103516 0 -57.12362289428711 -82.33695220947266
-20.04702381357422 38.53966330234375 -112.7698211669922 0 0.0 157.9203796386719
-4.660167734472658 29.58822821323242 -76.83934783935547 0 0.0 -94.33228302001953
8.573657949121092 26.05786322299805 -90.24406433105469 0 0.0 93.36184692382812
65.47310825124512 36.33596609775391 -76.17637634277344 0 0.0 172.8403625488281
65.47312541738282 36.33596609775391 -78.061767578125 0 0.0 172.84033203125
62.18998332753906 -34.40996362026367 -66.98168182373047 0 0.0 -14.19370746612549
43.34470935598144 -30.13369180019531 -68.68415832519531 0 0.0 -89.19371032714844
25.50198741689453 28.13006018344727 -78.4719009399414 0 0.0 -139.3801727294922
63.57859226003418 -10.91199303920898 -118.6796264648438 0 -60.0 90.0
64.33394237294922 -24.99828149135742 -118.8962783813477 0 -38.9694709777832 30.37267684936523
56.078593213708494 -18.41199208553467 -118.6796264648438 0 -60.0 0.0
32.49792285695801 -24.93605424221191 -80.5949935913086 0 0.0 -20.51599884033203
37.58487315908203 -26.11195946987305 -80.5949935913086 0 0.0 -5.515867233276367
-57.76717762216797 28.84531592075195 -74.16828155517578 0 -44.36435317993164 -127.1972045898438
65.07428355947266 1.359041201513673 -94.43917846679688 0 -65.0 110.0
31.460367162377928 12.313207613867188 -77.29887390136719 0 -25.69584655761719 -131.9332275390625
44.38291927114258 36.58196829501954 -118.4210357666016 0 -53.20477294921875 -114.7981262207031
7.212055165917967 27.93208883945313 -84.43966674804688 0 -28.30935096740723 87.41810607910156
14.54741664663086 -37.91051389034423 -36.0 0 -1.175392508506775 61.45560073852539
27.120096166284178 35.13489721958008 -86.01860046386719 0 -54.99999618530273 170.3162689208984
64.49530406728516 7.152551638525392 -79.11143493652344 0 -71.66231536865234 152.5543518066406
39.71164699331054 10.00231741611328 -115.8319091796875 0 -61.85459518432617 -91.16116333007812
33.72603412404785 34.50466726962891 -96.59906005859375 0 -76.5704574584961 100.0310668945312
16.07918544545898 37.62537573520508 -65.66522216796875 0 0.0 -105.0000076293945
4.414642293603514 32.79613302890625 -70.94953155517578 0 -43.12511444091797 147.8183288574219
31.931346852929686 37.99756430332032 -61.95746231079102 0 0.0 127.2015151977539
45.24996515050659 -2.830804837304687 -94.15899658203125 0 -43.74152755737305 10.31056213378906
21.115932424218748 37.56039236728516 -74.50248718261719 0 -19.33325958251953 111.2701797485352
-35.61848072275391 38.65781210605469 -85.29695129394531 0 -65.0 168.3346710205078
-38.55271534189453 38.74312399570313 -85.29695129394531 0 -64.99999237060547 -171.6653289794922
-65.06070331796874 -35.12702466304931 -54.96006393432617 0 0.0 -54.93862152099609
33.57707305684814 35.63471029941407 -63.78138732910156 0 0.0 -150.3953399658203
31.110851247460936 12.49416540805664 -74.76415252685547 0 -37.26257705688477 82.89596557617188
-21.5046348975586 31.1987705105957 -83.96906280517578 0 -67.78646087646484 -154.92236328125
35.09687038198242 -26.96754075344238 -75.71705627441406 0 -38.9694709777832 30.37267303466797
-62.92000965341797 37.97754477207032 -36.0 0 -57.3779296875 -113.7764511108398
49.27194019094238 5.303989397924806 -110.9468841552734 0 -55.46257019042969 -161.3363952636719
34.64753337636719 35.23112677280274 -106.0087509155273 0 0.0 -147.5921783447266
-36.70083240732422 -38.4571485644165 -43.48627853393555 0 -51.01800918579102 -62.27484512329102
43.39428468480835 -37.20521832760009 -36.0 0 -33.96404647827148 53.28707885742188
30.22996326223144 -4.429311764794921 -101.89759063720699 0 -60.0 90.0
-13.20452503427735 23.38182638828125 -113.87646484375 0 -40.89340209960938 -90.0
-29.73878864511719 31.27335928623047 -78.04328155517578 0 -55.50936126708984 -167.3214263916016
-36.04790119394531 29.95118521396484 -74.58234405517578 0 -49.61595153808594 -147.2593078613281
66.29185863271485 -35.90064812954101 -59.12572479248047 0 -15.1720724105835 13.23758411407471
59.46085448995361 -36.48072434719238 -55.61400604248047 0 -9.215965270996094 0.838516891002655
11.07903667226562 -38.60267735775146 -36.0 0 -21.18133163452148 -48.11182403564453
40.13288923040161 -37.68994427974853 -61.2000617980957 0 -40.89339447021484 14.99999523162842
36.69962497487793 -38.29532147701416 -61.2000617980957 0 -40.89339447021484 5.000001430511475
62.836612661035154 -36.95687581356201 -89.7362060546875 0 -66.63091278076172 -17.41459465026855
58.78857513204346 -35.48124791439209 -37.62406539916992 0 0.0 20.00000381469727
-37.91392902597656 36.70948218051758 -99.76984405517578 0 -74.76229858398438 -122.461181640625
32.75463386312256 5.097616183203126 -119.1752471923828 0 -10.57915592193604 -51.68478012084961
51.45140882268677 17.8960475796875 -119.64990234375 0 -59.99998092651367 90.0
-64.30122760996093 34.80299948398438 -45.76544570922852 0 0.0 -100.202995300293
40.77157445684204 -37.1825485354248 -43.87233734130859 0 -5.285097122192383 -5.589081287384033
40.76743407979736 -37.22485925014648 -42.95122146606445 0 0.0 -5.589081287384033
41.51459689870605 -38.50660706813964 -77.22692108154297 0 0.0 -57.07831573486328
30.86141963735351 10.533754336279298 -85.64984893798828 0 -60.88190841674805 147.7943420410156
5.784030873925779 26.92405890170899 -91.17472839355469 0 0.0 96.49020385742188
13.156604726464842 18.74287985507813 -118.7539443969727 0 0.0 167.6632690429688
31.85197063222656 -13.88947297390137 -75.85502624511719 0 -33.42062377929688 -34.54968643188477
37.27239986196289 3.54231451694336 -65.80230712890625 0 -53.95876693725586 107.6940994262695
-34.63088611826172 -19.84422351177368 -96.11172485351562 0 -90.0 0.0
-51.75619129404297 -38.32773972805175 -36.0 0 -55.17316436767578 23.26150512695312
30.336200673730467 -11.606639874536132 -59.91832733154297 0 0.0 -29.99999809265137
11.68607326284179 36.54088019077149 -69.18842315673828 0 -2.462686061859131 -96.54502868652344
-61.71605304941406 28.62352560703125 -44.55950164794922 0 0.0 -119.8801498413086
52.13017507329712 -2.627511990624999 -102.8681106567383 0 -66.63091278076172 -17.41459655761719
45.28611179128418 -10.505172741967773 -118.727294921875 0 -90.0 0.0
65.99120326772461 -36.8678341036621 -51.75820922851562 0 0.0 52.83956146240234
30.40792079702148 -38.09910584743652 -36.0 0 -60.76936721801758 50.01795196533203
43.72293468251953 -27.1277583962265 -99.84647369384766 0 -90.0 0.0
27.79948039785156 -2.833948147851562 -88.83685302734375 0 -37.8271369934082 -54.61179351806641
21.62616725698242 -15.149744046289062 -97.69207000732422 0 -60.0 0.0
60.37891956105957 -38.0828113680664 -57.94228744506836 0 0.0 66.23001861572266
63.79705615773926 4.131166445654298 -46.13932800292969 0 0.0 90.0
63.8628081871582 5.90159414951172 -66.86312866210938 0 -75.0 110.0
-63.44517902597656 -29.1899047022644 -36.0 0 -19.96922492980957 -70.38622283935547
-0.4230537818359394 -38.23049737270507 -68.41741180419922 0 -22.75048637390137 -26.88664054870605
64.62450786367188 15.93041800205078 -83.42466735839844 0 0.0 163.9717102050781
63.69706340566406 5.708103167456056 -49.37507629394531 0 0.0 70.00000762939453
60.64834018483887 -38.52517319973144 -49.66396713256836 0 0.0 57.59478378295898
32.93913265004883 -4.40199471767578 -119.43627166748051 0 -11.94843292236328 -104.2080688476562
